period_index,event_index,period_type,period_number,attribution,away_points,clock,description,event_type,home_points,possession,type,wall_clock,pbp_source_row,has_wall_clock,event_ts_utc,period_sequence,game_clock_seconds_remaining,game_elapsed_seconds,game_elapsed_minutes,pbp_chronological_index
4,121,quarter,1,0464e75c-8bc8-4f18-9ee2-577832b889d6,0,12:00,"Wizards lineup change (Will Riley, Trae Young, Alex Sarr, Tre Johnson, Bilal Coulibaly)",lineupchange,0,,basketball_play,1773526249,455,True,2026-03-14 22:10:49+00:00,1,720.0,0.0,0.0,1
4,120,quarter,1,6dd427f5-fa02-40ef-aa90-cfa73e0c539e,0,12:00,"Celtics lineup change (Neemias Queta, Jayson Tatum, Derrick White, Sam Hauser, Jaylen Brown)",lineupchange,0,,basketball_play,1773526249,454,True,2026-03-14 22:10:49+00:00,1,720.0,0.0,0.0,2
4,119,quarter,1,,0,12:00,Start of 1st Quarter,startperiod,0,,basketball_play,1773526249,453,True,2026-03-14 22:10:49+00:00,1,720.0,0.0,0.0,3
4,118,quarter,1,0464e75c-8bc8-4f18-9ee2-577832b889d6,0,12:00,Alex Sarr vs. Neemias Queta (Will Riley gains possession),opentip,0,0464e75c-8bc8-4f18-9ee2-577832b889d6,basketball_play,1773526266,452,True,2026-03-14 22:11:06+00:00,1,720.0,0.0,0.0,4
4,117,quarter,1,0464e75c-8bc8-4f18-9ee2-577832b889d6,0,11:43,Alex Sarr misses two point fadeaway jump shot,twopointmiss,0,,basketball_play,1773526280,451,True,2026-03-14 22:11:20+00:00,1,703.0,17.0,0.2833333333333333,5
4,116,quarter,1,6dd427f5-fa02-40ef-aa90-cfa73e0c539e,0,11:40,Jayson Tatum defensive rebound,rebound,0,6dd427f5-fa02-40ef-aa90-cfa73e0c539e,basketball_play,1773526282,450,True,2026-03-14 22:11:22+00:00,1,700.0,20.0,0.3333333333333333,6
4,115,quarter,1,6dd427f5-fa02-40ef-aa90-cfa73e0c539e,0,11:33,Bilal Coulibaly blocks Jaylen Brown's two point driving layup,twopointmiss,0,,basketball_play,1773526289,449,True,2026-03-14 22:11:29+00:00,1,693.0,27.0,0.45,7
4,114,quarter,1,6dd427f5-fa02-40ef-aa90-cfa73e0c539e,0,11:29,Neemias Queta offensive rebound,rebound,0,6dd427f5-fa02-40ef-aa90-cfa73e0c539e,basketball_play,1773526293,448,True,2026-03-14 22:11:33+00:00,1,689.0,31.0,0.5166666666666667,8
4,113,quarter,1,6dd427f5-fa02-40ef-aa90-cfa73e0c539e,0,11:26,Neemias Queta makes two point driving layup,twopointmade,2,0464e75c-8bc8-4f18-9ee2-577832b889d6,basketball_play,1773526296,447,True,2026-03-14 22:11:36+00:00,1,686.0,34.0,0.5666666666666667,9
4,112,quarter,1,0464e75c-8bc8-4f18-9ee2-577832b889d6,0,11:12,Alex Sarr misses three point jump shot,threepointmiss,2,,basketball_play,1773526312,446,True,2026-03-14 22:11:52+00:00,1,672.0,48.0,0.8,10
4,111,quarter,1,6dd427f5-fa02-40ef-aa90-cfa73e0c539e,0,11:09,Celtics defensive rebound,rebound,2,6dd427f5-fa02-40ef-aa90-cfa73e0c539e,basketball_play,1773526315,445,True,2026-03-14 22:11:55+00:00,1,669.0,51.0,0.85,11
4,110,quarter,1,,0,11:09,Stoppage (Out of bounds),stoppage,2,,basketball_play,1773526325,444,True,2026-03-14 22:12:05+00:00,1,669.0,51.0,0.85,12
4,109,quarter,1,6dd427f5-fa02-40ef-aa90-cfa73e0c539e,0,10:58,Neemias Queta makes two point floating jump shot (Jayson Tatum assists),twopointmade,4,0464e75c-8bc8-4f18-9ee2-577832b889d6,basketball_play,1773526335,443,True,2026-03-14 22:12:15+00:00,1,658.0,62.0,1.0333333333333334,13
4,108,quarter,1,0464e75c-8bc8-4f18-9ee2-577832b889d6,0,10:39,Bilal Coulibaly misses three point jump shot,threepointmiss,4,,basketball_play,1773526353,442,True,2026-03-14 22:12:33+00:00,1,639.0,81.0,1.35,14
4,107,quarter,1,6dd427f5-fa02-40ef-aa90-cfa73e0c539e,0,10:35,Jaylen Brown defensive rebound,rebound,4,6dd427f5-fa02-40ef-aa90-cfa73e0c539e,basketball_play,1773526357,441,True,2026-03-14 22:12:37+00:00,1,635.0,85.0,1.4166666666666667,15
4,106,quarter,1,6dd427f5-fa02-40ef-aa90-cfa73e0c539e,0,10:26,Jaylen Brown makes two point driving finger roll layup,twopointmade,6,0464e75c-8bc8-4f18-9ee2-577832b889d6,basketball_play,1773526364,440,True,2026-03-14 22:12:44+00:00,1,626.0,94.0,1.5666666666666667,16
4,105,quarter,1,0464e75c-8bc8-4f18-9ee2-577832b889d6,3,10:14,Tre Johnson makes three point jump shot (Trae Young assists),threepointmade,6,6dd427f5-fa02-40ef-aa90-cfa73e0c539e,basketball_play,1773526376,439,True,2026-03-14 22:12:56+00:00,1,614.0,106.0,1.7666666666666666,17
4,104,quarter,1,0464e75c-8bc8-4f18-9ee2-577832b889d6,3,10:03,Tre Johnson personal foul (Jaylen Brown draws the foul),personalfoul,6,6dd427f5-fa02-40ef-aa90-cfa73e0c539e,basketball_play,1773526390,438,True,2026-03-14 22:13:10+00:00,1,603.0,117.0,1.95,18
4,103,quarter,1,6dd427f5-fa02-40ef-aa90-cfa73e0c539e,3,9:52,Neemias Queta makes two point cutting layup (Jaylen Brown assists),twopointmade,8,0464e75c-8bc8-4f18-9ee2-577832b889d6,basketball_play,1773526429,437,True,2026-03-14 22:13:49+00:00,1,592.0,128.0,2.1333333333333333,19
4,102,quarter,1,0464e75c-8bc8-4f18-9ee2-577832b889d6,5,9:35,Trae Young makes two point driving floating jump shot,twopointmade,8,6dd427f5-fa02-40ef-aa90-cfa73e0c539e,basketball_play,1773526446,436,True,2026-03-14 22:14:06+00:00,1,575.0,145.0,2.4166666666666665,20
4,101,quarter,1,6dd427f5-fa02-40ef-aa90-cfa73e0c539e,5,9:19,Jaylen Brown misses three point jump shot,threepointmiss,8,,basketball_play,1773526461,435,True,2026-03-14 22:14:21+00:00,1,559.0,161.0,2.683333333333333,21
4,100,quarter,1,6dd427f5-fa02-40ef-aa90-cfa73e0c539e,5,9:15,Derrick White offensive rebound,rebound,8,6dd427f5-fa02-40ef-aa90-cfa73e0c539e,basketball_play,1773526465,434,True,2026-03-14 22:14:25+00:00,1,555.0,165.0,2.75,22
4,99,quarter,1,6dd427f5-fa02-40ef-aa90-cfa73e0c539e,5,9:13,Jayson Tatum misses three point pullup jump shot,threepointmiss,8,,basketball_play,1773526467,433,True,2026-03-14 22:14:27+00:00,1,553.0,167.0,2.783333333333333,23
4,98,quarter,1,6dd427f5-fa02-40ef-aa90-cfa73e0c539e,5,9:09,Derrick White offensive rebound,rebound,8,6dd427f5-fa02-40ef-aa90-cfa73e0c539e,basketball_play,1773526471,432,True,2026-03-14 22:14:31+00:00,1,549.0,171.0,2.85,24
4,97,quarter,1,,5,9:09,Stoppage (Out of bounds),stoppage,8,,basketball_play,1773526475,431,True,2026-03-14 22:14:35+00:00,1,549.0,171.0,2.85,25
4,96,quarter,1,6dd427f5-fa02-40ef-aa90-cfa73e0c539e,5,9:03,Neemias Queta makes two point cutting layup (Derrick White assists),twopointmade,10,0464e75c-8bc8-4f18-9ee2-577832b889d6,basketball_play,1773526497,430,True,2026-03-14 22:14:57+00:00,1,543.0,177.0,2.95,26
4,95,quarter,1,0464e75c-8bc8-4f18-9ee2-577832b889d6,8,8:49,Bilal Coulibaly makes three point jump shot (Trae Young assists),threepointmade,10,6dd427f5-fa02-40ef-aa90-cfa73e0c539e,basketball_play,1773526510,429,True,2026-03-14 22:15:10+00:00,1,529.0,191.0,3.183333333333333,27
4,94,quarter,1,6dd427f5-fa02-40ef-aa90-cfa73e0c539e,8,8:33,Jayson Tatum misses two point driving layup,twopointmiss,10,,basketball_play,1773526527,428,True,2026-03-14 22:15:27+00:00,1,513.0,207.0,3.45,28
4,93,quarter,1,0464e75c-8bc8-4f18-9ee2-577832b889d6,8,8:29,Bilal Coulibaly defensive rebound,rebound,10,0464e75c-8bc8-4f18-9ee2-577832b889d6,basketball_play,1773526531,427,True,2026-03-14 22:15:31+00:00,1,509.0,211.0,3.5166666666666666,29
4,92,quarter,1,0464e75c-8bc8-4f18-9ee2-577832b889d6,8,8:26,Tre Johnson misses three point running jump shot,threepointmiss,10,,basketball_play,1773526533,426,True,2026-03-14 22:15:33+00:00,1,506.0,214.0,3.566666666666667,30
4,91,quarter,1,6dd427f5-fa02-40ef-aa90-cfa73e0c539e,8,8:24,Celtics defensive rebound,rebound,10,6dd427f5-fa02-40ef-aa90-cfa73e0c539e,basketball_play,1773526535,425,True,2026-03-14 22:15:35+00:00,1,504.0,216.0,3.6,31
4,90,quarter,1,,8,8:24,Stoppage (Out of bounds),stoppage,10,,basketball_play,1773526539,424,True,2026-03-14 22:15:39+00:00,1,504.0,216.0,3.6,32
4,89,quarter,1,6dd427f5-fa02-40ef-aa90-cfa73e0c539e,8,8:08,Jayson Tatum misses two point driving layup,twopointmiss,10,,basketball_play,1773526558,423,True,2026-03-14 22:15:58+00:00,1,488.0,232.0,3.8666666666666667,33
4,88,quarter,1,6dd427f5-fa02-40ef-aa90-cfa73e0c539e,8,8:06,Neemias Queta offensive rebound,rebound,10,6dd427f5-fa02-40ef-aa90-cfa73e0c539e,basketball_play,1773526560,422,True,2026-03-14 22:16:00+00:00,1,486.0,234.0,3.9,34
4,87,quarter,1,6dd427f5-fa02-40ef-aa90-cfa73e0c539e,8,8:05,Alex Sarr blocks Neemias Queta's two point putback layup,twopointmiss,10,,basketball_play,1773526562,421,True,2026-03-14 22:16:02+00:00,1,485.0,235.0,3.9166666666666665,35
4,86,quarter,1,0464e75c-8bc8-4f18-9ee2-577832b889d6,8,8:05,Will Riley defensive rebound,rebound,10,0464e75c-8bc8-4f18-9ee2-577832b889d6,basketball_play,1773526562,420,True,2026-03-14 22:16:02+00:00,1,485.0,235.0,3.9166666666666665,36
4,85,quarter,1,0464e75c-8bc8-4f18-9ee2-577832b889d6,8,7:59,Tre Johnson turnover (traveling),turnover,10,6dd427f5-fa02-40ef-aa90-cfa73e0c539e,basketball_play,1773526570,419,True,2026-03-14 22:16:10+00:00,1,479.0,241.0,4.016666666666667,37
4,84,quarter,1,,8,7:46,Stoppage (Out of bounds),stoppage,10,,basketball_play,1773526598,418,True,2026-03-14 22:16:38+00:00,1,466.0,254.0,4.233333333333333,38
4,83,quarter,1,0464e75c-8bc8-4f18-9ee2-577832b889d6,8,7:38,Trae Young shooting foul (Derrick White draws the foul),shootingfoul,10,6dd427f5-fa02-40ef-aa90-cfa73e0c539e,basketball_play,1773526618,417,True,2026-03-14 22:16:58+00:00,1,458.0,262.0,4.366666666666666,39
4,82,quarter,1,6dd427f5-fa02-40ef-aa90-cfa73e0c539e,8,7:38,Derrick White makes regular free throw 1 of 2,freethrowmade,11,6dd427f5-fa02-40ef-aa90-cfa73e0c539e,basketball_play,1773526648,416,True,2026-03-14 22:17:28+00:00,1,458.0,262.0,4.366666666666666,40
4,81,quarter,1,6dd427f5-fa02-40ef-aa90-cfa73e0c539e,8,7:38,Derrick White makes regular free throw 2 of 2,freethrowmade,12,0464e75c-8bc8-4f18-9ee2-577832b889d6,basketball_play,1773526667,415,True,2026-03-14 22:17:47+00:00,1,458.0,262.0,4.366666666666666,41
4,80,quarter,1,0464e75c-8bc8-4f18-9ee2-577832b889d6,8,7:26,Bilal Coulibaly misses three point jump shot,threepointmiss,12,,basketball_play,1773526681,414,True,2026-03-14 22:18:01+00:00,1,446.0,274.0,4.566666666666666,42
4,79,quarter,1,6dd427f5-fa02-40ef-aa90-cfa73e0c539e,8,7:22,Neemias Queta defensive rebound,rebound,12,6dd427f5-fa02-40ef-aa90-cfa73e0c539e,basketball_play,1773526685,413,True,2026-03-14 22:18:05+00:00,1,442.0,278.0,4.633333333333334,43
4,78,quarter,1,6dd427f5-fa02-40ef-aa90-cfa73e0c539e,8,7:15,Sam Hauser misses three point jump shot,threepointmiss,12,,basketball_play,1773526691,412,True,2026-03-14 22:18:11+00:00,1,435.0,285.0,4.75,44
4,77,quarter,1,6dd427f5-fa02-40ef-aa90-cfa73e0c539e,8,7:13,Jaylen Brown offensive rebound,rebound,12,6dd427f5-fa02-40ef-aa90-cfa73e0c539e,basketball_play,1773526693,411,True,2026-03-14 22:18:13+00:00,1,433.0,287.0,4.783333333333333,45
4,76,quarter,1,6dd427f5-fa02-40ef-aa90-cfa73e0c539e,8,7:08,Derrick White misses three point pullup jump shot,threepointmiss,12,,basketball_play,1773526698,410,True,2026-03-14 22:18:18+00:00,1,428.0,292.0,4.866666666666666,46
4,75,quarter,1,6dd427f5-fa02-40ef-aa90-cfa73e0c539e,8,7:04,Jaylen Brown offensive rebound,rebound,12,6dd427f5-fa02-40ef-aa90-cfa73e0c539e,basketball_play,1773526702,409,True,2026-03-14 22:18:22+00:00,1,424.0,296.0,4.933333333333334,47
4,74,quarter,1,6dd427f5-fa02-40ef-aa90-cfa73e0c539e,8,7:03,Derrick White makes three point jump shot (Jaylen Brown assists),threepointmade,15,0464e75c-8bc8-4f18-9ee2-577832b889d6,basketball_play,1773526704,408,True,2026-03-14 22:18:24+00:00,1,423.0,297.0,4.95,48
4,73,quarter,1,0464e75c-8bc8-4f18-9ee2-577832b889d6,8,6:51,Trae Young misses two point driving floating jump shot,twopointmiss,15,,basketball_play,1773526719,407,True,2026-03-14 22:18:39+00:00,1,411.0,309.0,5.15,49
4,72,quarter,1,6dd427f5-fa02-40ef-aa90-cfa73e0c539e,8,6:47,Derrick White defensive rebound,rebound,15,6dd427f5-fa02-40ef-aa90-cfa73e0c539e,basketball_play,1773526723,406,True,2026-03-14 22:18:43+00:00,1,407.0,313.0,5.216666666666667,50
4,71,quarter,1,6dd427f5-fa02-40ef-aa90-cfa73e0c539e,8,6:43,Sam Hauser misses three point running jump shot,threepointmiss,15,,basketball_play,1773526727,405,True,2026-03-14 22:18:47+00:00,1,403.0,317.0,5.283333333333333,51
4,70,quarter,1,0464e75c-8bc8-4f18-9ee2-577832b889d6,8,6:39,Alex Sarr defensive rebound,rebound,15,0464e75c-8bc8-4f18-9ee2-577832b889d6,basketball_play,1773526731,404,True,2026-03-14 22:18:51+00:00,1,399.0,321.0,5.35,52
4,69,quarter,1,0464e75c-8bc8-4f18-9ee2-577832b889d6,8,6:35,Trae Young misses three point running jump shot,threepointmiss,15,,basketball_play,1773526736,403,True,2026-03-14 22:18:56+00:00,1,395.0,325.0,5.416666666666667,53
4,68,quarter,1,0464e75c-8bc8-4f18-9ee2-577832b889d6,8,6:33,Bilal Coulibaly offensive rebound,rebound,15,0464e75c-8bc8-4f18-9ee2-577832b889d6,basketball_play,1773526738,402,True,2026-03-14 22:18:58+00:00,1,393.0,327.0,5.45,54
4,67,quarter,1,0464e75c-8bc8-4f18-9ee2-577832b889d6,8,6:32,Bilal Coulibaly misses two point tip dunk,twopointmiss,15,,basketball_play,1773526740,401,True,2026-03-14 22:19:00+00:00,1,392.0,328.0,5.466666666666667,55
4,66,quarter,1,6dd427f5-fa02-40ef-aa90-cfa73e0c539e,8,6:31,Jayson Tatum defensive rebound,rebound,15,6dd427f5-fa02-40ef-aa90-cfa73e0c539e,basketball_play,1773526741,400,True,2026-03-14 22:19:01+00:00,1,391.0,329.0,5.483333333333333,56
4,65,quarter,1,6dd427f5-fa02-40ef-aa90-cfa73e0c539e,8,6:22,Jayson Tatum misses three point jump shot,threepointmiss,15,,basketball_play,1773526744,399,True,2026-03-14 22:19:04+00:00,1,382.0,338.0,5.633333333333334,57
4,64,quarter,1,0464e75c-8bc8-4f18-9ee2-577832b889d6,8,6:21,Wizards defensive rebound,rebound,15,0464e75c-8bc8-4f18-9ee2-577832b889d6,basketball_play,1773526745,398,True,2026-03-14 22:19:05+00:00,1,381.0,339.0,5.65,58
4,63,quarter,1,6dd427f5-fa02-40ef-aa90-cfa73e0c539e,8,6:21,Celtics 60 second timeout,teamtimeout,15,,basketball_play,1773526749,397,True,2026-03-14 22:19:09+00:00,1,381.0,339.0,5.65,59
4,62,quarter,1,,8,6:21,Stoppage (Out of bounds),stoppage,15,,basketball_play,1773526754,396,True,2026-03-14 22:19:14+00:00,1,381.0,339.0,5.65,60
4,61,quarter,1,6dd427f5-fa02-40ef-aa90-cfa73e0c539e,8,6:21,"Celtics lineup change (Neemias Queta, Baylor Scheierman, Payton Pritchard, Jayson Tatum, Jaylen Brown)",lineupchange,15,,basketball_play,1773526841,395,True,2026-03-14 22:20:41+00:00,1,381.0,339.0,5.65,61
4,60,quarter,1,0464e75c-8bc8-4f18-9ee2-577832b889d6,8,6:12,Trae Young misses two point driving floating bank jump shot,twopointmiss,15,,basketball_play,1773526939,394,True,2026-03-14 22:22:19+00:00,1,372.0,348.0,5.8,62
4,59,quarter,1,6dd427f5-fa02-40ef-aa90-cfa73e0c539e,8,6:11,Celtics defensive rebound,rebound,15,6dd427f5-fa02-40ef-aa90-cfa73e0c539e,basketball_play,1773526940,393,True,2026-03-14 22:22:20+00:00,1,371.0,349.0,5.816666666666666,63
4,58,quarter,1,,8,6:11,Stoppage (Out of bounds),stoppage,15,,basketball_play,1773526944,392,True,2026-03-14 22:22:24+00:00,1,371.0,349.0,5.816666666666666,64
4,57,quarter,1,6dd427f5-fa02-40ef-aa90-cfa73e0c539e,8,5:57,Neemias Queta misses two point driving floating jump shot,twopointmiss,15,,basketball_play,1773526966,391,True,2026-03-14 22:22:46+00:00,1,357.0,363.0,6.05,65
4,56,quarter,1,0464e75c-8bc8-4f18-9ee2-577832b889d6,8,5:53,Alex Sarr defensive rebound,rebound,15,0464e75c-8bc8-4f18-9ee2-577832b889d6,basketball_play,1773526970,390,True,2026-03-14 22:22:50+00:00,1,353.0,367.0,6.116666666666666,66
4,55,quarter,1,0464e75c-8bc8-4f18-9ee2-577832b889d6,8,5:47,Alex Sarr turnover (lost ball) (Jaylen Brown steals),turnover,15,6dd427f5-fa02-40ef-aa90-cfa73e0c539e,basketball_play,1773526975,389,True,2026-03-14 22:22:55+00:00,1,347.0,373.0,6.216666666666667,67
4,54,quarter,1,6dd427f5-fa02-40ef-aa90-cfa73e0c539e,8,5:33,Payton Pritchard misses two point stepback jump shot,twopointmiss,15,,basketball_play,1773526989,388,True,2026-03-14 22:23:09+00:00,1,333.0,387.0,6.45,68
4,53,quarter,1,0464e75c-8bc8-4f18-9ee2-577832b889d6,8,5:30,Alex Sarr defensive rebound,rebound,15,0464e75c-8bc8-4f18-9ee2-577832b889d6,basketball_play,1773526992,387,True,2026-03-14 22:23:12+00:00,1,330.0,390.0,6.5,69
4,52,quarter,1,0464e75c-8bc8-4f18-9ee2-577832b889d6,8,5:22,Alex Sarr misses three point jump shot,threepointmiss,15,,basketball_play,1773527000,386,True,2026-03-14 22:23:20+00:00,1,322.0,398.0,6.633333333333334,70
4,51,quarter,1,6dd427f5-fa02-40ef-aa90-cfa73e0c539e,8,5:19,Jayson Tatum defensive rebound,rebound,15,6dd427f5-fa02-40ef-aa90-cfa73e0c539e,basketball_play,1773527003,385,True,2026-03-14 22:23:23+00:00,1,319.0,401.0,6.683333333333334,71
4,50,quarter,1,6dd427f5-fa02-40ef-aa90-cfa73e0c539e,8,5:11,Neemias Queta makes two point layup (Jaylen Brown assists),twopointmade,17,0464e75c-8bc8-4f18-9ee2-577832b889d6,basketball_play,1773527011,384,True,2026-03-14 22:23:31+00:00,1,311.0,409.0,6.816666666666666,72
4,49,quarter,1,6dd427f5-fa02-40ef-aa90-cfa73e0c539e,8,4:55,Neemias Queta personal foul (Alex Sarr draws the foul),personalfoul,17,0464e75c-8bc8-4f18-9ee2-577832b889d6,basketball_play,1773527030,383,True,2026-03-14 22:23:50+00:00,1,295.0,425.0,7.083333333333333,73
4,48,quarter,1,0464e75c-8bc8-4f18-9ee2-577832b889d6,8,4:55,"Wizards lineup change (Trae Young, Alex Sarr, Bub Carrington, Tre Johnson, Bilal Coulibaly)",lineupchange,17,,basketball_play,1773527060,382,True,2026-03-14 22:24:20+00:00,1,295.0,425.0,7.083333333333333,74
4,47,quarter,1,0464e75c-8bc8-4f18-9ee2-577832b889d6,8,4:51,Alex Sarr turnover (bad pass) (Jayson Tatum steals),turnover,17,6dd427f5-fa02-40ef-aa90-cfa73e0c539e,basketball_play,1773527060,381,True,2026-03-14 22:24:20+00:00,1,291.0,429.0,7.15,75
4,46,quarter,1,6dd427f5-fa02-40ef-aa90-cfa73e0c539e,8,4:49,Jayson Tatum turnover (lost ball) (Alex Sarr steals),turnover,17,0464e75c-8bc8-4f18-9ee2-577832b889d6,basketball_play,1773527063,380,True,2026-03-14 22:24:23+00:00,1,289.0,431.0,7.183333333333334,76
4,45,quarter,1,0464e75c-8bc8-4f18-9ee2-577832b889d6,8,4:44,Tre Johnson misses three point jump shot,threepointmiss,17,,basketball_play,1773527066,379,True,2026-03-14 22:24:26+00:00,1,284.0,436.0,7.266666666666667,77
4,44,quarter,1,0464e75c-8bc8-4f18-9ee2-577832b889d6,8,4:40,Trae Young offensive rebound,rebound,17,0464e75c-8bc8-4f18-9ee2-577832b889d6,basketball_play,1773527070,378,True,2026-03-14 22:24:30+00:00,1,280.0,440.0,7.333333333333333,78
4,43,quarter,1,0464e75c-8bc8-4f18-9ee2-577832b889d6,11,4:37,Bilal Coulibaly makes three point jump shot (Trae Young assists),threepointmade,17,6dd427f5-fa02-40ef-aa90-cfa73e0c539e,basketball_play,1773527073,377,True,2026-03-14 22:24:33+00:00,1,277.0,443.0,7.383333333333334,79
4,42,quarter,1,6dd427f5-fa02-40ef-aa90-cfa73e0c539e,11,4:18,Neemias Queta makes two point layup (Jayson Tatum assists),twopointmade,19,0464e75c-8bc8-4f18-9ee2-577832b889d6,basketball_play,1773527092,376,True,2026-03-14 22:24:52+00:00,1,258.0,462.0,7.7,80
4,41,quarter,1,0464e75c-8bc8-4f18-9ee2-577832b889d6,11,4:18,Tre Johnson shooting foul (Neemias Queta draws the foul),shootingfoul,19,6dd427f5-fa02-40ef-aa90-cfa73e0c539e,basketball_play,1773527100,375,True,2026-03-14 22:25:00+00:00,1,258.0,462.0,7.7,81
4,40,quarter,1,0464e75c-8bc8-4f18-9ee2-577832b889d6,11,4:18,"Wizards lineup change (Bub Carrington, Tristan Vukcevic, Jamir Watkins, Bilal Coulibaly, Justin Champagnie)",lineupchange,19,,basketball_play,1773527135,374,True,2026-03-14 22:25:35+00:00,1,258.0,462.0,7.7,82
4,39,quarter,1,6dd427f5-fa02-40ef-aa90-cfa73e0c539e,11,4:18,"Celtics lineup change (Neemias Queta, Baylor Scheierman, Payton Pritchard, Hugo Gonzalez, Jaylen Brown)",lineupchange,19,,basketball_play,1773527135,373,True,2026-03-14 22:25:35+00:00,1,258.0,462.0,7.7,83
4,38,quarter,1,6dd427f5-fa02-40ef-aa90-cfa73e0c539e,11,4:18,Neemias Queta makes regular free throw 1 of 1,freethrowmade,20,,basketball_play,1773527143,372,True,2026-03-14 22:25:43+00:00,1,258.0,462.0,7.7,84
4,37,quarter,1,0464e75c-8bc8-4f18-9ee2-577832b889d6,14,4:03,Tristan Vukcevic makes three point jump shot (Bub Carrington assists),threepointmade,20,6dd427f5-fa02-40ef-aa90-cfa73e0c539e,basketball_play,1773527152,371,True,2026-03-14 22:25:52+00:00,1,243.0,477.0,7.95,85
4,36,quarter,1,6dd427f5-fa02-40ef-aa90-cfa73e0c539e,14,3:48,Neemias Queta turnover (bad pass) (Tristan Vukcevic steals),turnover,20,0464e75c-8bc8-4f18-9ee2-577832b889d6,basketball_play,1773527167,370,True,2026-03-14 22:26:07+00:00,1,228.0,492.0,8.2,86
4,35,quarter,1,0464e75c-8bc8-4f18-9ee2-577832b889d6,17,3:44,Tristan Vukcevic makes three point running jump shot (Bub Carrington assists),threepointmade,20,6dd427f5-fa02-40ef-aa90-cfa73e0c539e,basketball_play,1773527174,369,True,2026-03-14 22:26:14+00:00,1,224.0,496.0,8.266666666666667,87
4,34,quarter,1,6dd427f5-fa02-40ef-aa90-cfa73e0c539e,17,3:42,Celtics 60 second timeout,teamtimeout,20,,basketball_play,1773527181,368,True,2026-03-14 22:26:21+00:00,1,222.0,498.0,8.3,88
4,33,quarter,1,0464e75c-8bc8-4f18-9ee2-577832b889d6,17,3:42,"Wizards lineup change (Sharife Cooper, Bub Carrington, Tristan Vukcevic, Jamir Watkins, Justin Champagnie)",lineupchange,20,,basketball_play,1773527306,367,True,2026-03-14 22:28:26+00:00,1,222.0,498.0,8.3,89
4,32,quarter,1,6dd427f5-fa02-40ef-aa90-cfa73e0c539e,17,3:42,"Celtics lineup change (Baylor Scheierman, Payton Pritchard, Luka Garza, Hugo Gonzalez, Jaylen Brown)",lineupchange,20,,basketball_play,1773527306,366,True,2026-03-14 22:28:26+00:00,1,222.0,498.0,8.3,90
4,31,quarter,1,6dd427f5-fa02-40ef-aa90-cfa73e0c539e,17,3:24,Luka Garza turnover (back court violation),turnover,20,0464e75c-8bc8-4f18-9ee2-577832b889d6,basketball_play,1773527371,365,True,2026-03-14 22:29:31+00:00,1,204.0,516.0,8.6,91
4,30,quarter,1,0464e75c-8bc8-4f18-9ee2-577832b889d6,20,3:16,Tristan Vukcevic makes three point jump shot (Bub Carrington assists),threepointmade,20,6dd427f5-fa02-40ef-aa90-cfa73e0c539e,basketball_play,1773527401,364,True,2026-03-14 22:30:01+00:00,1,196.0,524.0,8.733333333333333,92
4,29,quarter,1,6dd427f5-fa02-40ef-aa90-cfa73e0c539e,20,3:03,Jaylen Brown misses three point jump shot,threepointmiss,20,,basketball_play,1773527415,363,True,2026-03-14 22:30:15+00:00,1,183.0,537.0,8.95,93
4,28,quarter,1,6dd427f5-fa02-40ef-aa90-cfa73e0c539e,20,3:03,Baylor Scheierman offensive rebound,rebound,20,6dd427f5-fa02-40ef-aa90-cfa73e0c539e,basketball_play,1773527415,362,True,2026-03-14 22:30:15+00:00,1,183.0,537.0,8.95,94
4,27,quarter,1,6dd427f5-fa02-40ef-aa90-cfa73e0c539e,20,2:54,Baylor Scheierman misses three point jump shot,threepointmiss,20,,basketball_play,1773527423,361,True,2026-03-14 22:30:23+00:00,1,174.0,546.0,9.1,95
4,26,quarter,1,6dd427f5-fa02-40ef-aa90-cfa73e0c539e,20,2:52,Baylor Scheierman offensive rebound,rebound,20,6dd427f5-fa02-40ef-aa90-cfa73e0c539e,basketball_play,1773527425,360,True,2026-03-14 22:30:25+00:00,1,172.0,548.0,9.133333333333333,96
4,25,quarter,1,6dd427f5-fa02-40ef-aa90-cfa73e0c539e,20,2:48,Payton Pritchard misses three point jump shot,threepointmiss,20,,basketball_play,1773527429,359,True,2026-03-14 22:30:29+00:00,1,168.0,552.0,9.2,97
4,24,quarter,1,0464e75c-8bc8-4f18-9ee2-577832b889d6,20,2:48,Jamir Watkins defensive rebound,rebound,20,0464e75c-8bc8-4f18-9ee2-577832b889d6,basketball_play,1773527429,358,True,2026-03-14 22:30:29+00:00,1,168.0,552.0,9.2,98
4,23,quarter,1,6dd427f5-fa02-40ef-aa90-cfa73e0c539e,20,2:45,Hugo Gonzalez personal foul (Jamir Watkins draws the foul),personalfoul,20,0464e75c-8bc8-4f18-9ee2-577832b889d6,basketball_play,1773527440,357,True,2026-03-14 22:30:40+00:00,1,165.0,555.0,9.25,99
4,22,quarter,1,0464e75c-8bc8-4f18-9ee2-577832b889d6,20,2:34,Sharife Cooper misses three point jump shot,threepointmiss,20,,basketball_play,1773527456,356,True,2026-03-14 22:30:56+00:00,1,154.0,566.0,9.433333333333334,100
4,21,quarter,1,6dd427f5-fa02-40ef-aa90-cfa73e0c539e,20,2:34,Jaylen Brown defensive rebound,rebound,20,6dd427f5-fa02-40ef-aa90-cfa73e0c539e,basketball_play,1773527456,355,True,2026-03-14 22:30:56+00:00,1,154.0,566.0,9.433333333333334,101
4,20,quarter,1,0464e75c-8bc8-4f18-9ee2-577832b889d6,20,2:14,Jamir Watkins shooting foul (Jaylen Brown draws the foul),shootingfoul,20,6dd427f5-fa02-40ef-aa90-cfa73e0c539e,basketball_play,1773527482,354,True,2026-03-14 22:31:22+00:00,1,134.0,586.0,9.766666666666667,102
4,19,quarter,1,6dd427f5-fa02-40ef-aa90-cfa73e0c539e,20,2:14,Jaylen Brown makes regular free throw 1 of 2,freethrowmade,21,6dd427f5-fa02-40ef-aa90-cfa73e0c539e,basketball_play,1773527509,353,True,2026-03-14 22:31:49+00:00,1,134.0,586.0,9.766666666666667,103
4,18,quarter,1,6dd427f5-fa02-40ef-aa90-cfa73e0c539e,20,2:14,Jaylen Brown makes regular free throw 2 of 2,freethrowmade,22,0464e75c-8bc8-4f18-9ee2-577832b889d6,basketball_play,1773527526,352,True,2026-03-14 22:32:06+00:00,1,134.0,586.0,9.766666666666667,104
4,17,quarter,1,6dd427f5-fa02-40ef-aa90-cfa73e0c539e,20,2:03,Hugo Gonzalez shooting foul (Tristan Vukcevic draws the foul),shootingfoul,22,0464e75c-8bc8-4f18-9ee2-577832b889d6,basketball_play,1773527539,351,True,2026-03-14 22:32:19+00:00,1,123.0,597.0,9.95,105
4,16,quarter,1,0464e75c-8bc8-4f18-9ee2-577832b889d6,21,2:03,Tristan Vukcevic makes regular free throw 1 of 2,freethrowmade,22,0464e75c-8bc8-4f18-9ee2-577832b889d6,basketball_play,1773527564,350,True,2026-03-14 22:32:44+00:00,1,123.0,597.0,9.95,106
4,15,quarter,1,0464e75c-8bc8-4f18-9ee2-577832b889d6,22,2:03,Tristan Vukcevic makes regular free throw 2 of 2,freethrowmade,22,6dd427f5-fa02-40ef-aa90-cfa73e0c539e,basketball_play,1773527577,349,True,2026-03-14 22:32:57+00:00,1,123.0,597.0,9.95,107
4,14,quarter,1,6dd427f5-fa02-40ef-aa90-cfa73e0c539e,22,1:45,Jaylen Brown makes two point driving layup,twopointmade,24,0464e75c-8bc8-4f18-9ee2-577832b889d6,basketball_play,1773527596,348,True,2026-03-14 22:33:16+00:00,1,105.0,615.0,10.25,108
4,13,quarter,1,0464e75c-8bc8-4f18-9ee2-577832b889d6,24,1:36,Bub Carrington makes two point pullup jump shot (Jamir Watkins assists),twopointmade,24,6dd427f5-fa02-40ef-aa90-cfa73e0c539e,basketball_play,1773527604,347,True,2026-03-14 22:33:24+00:00,1,96.0,624.0,10.4,109
4,12,quarter,1,6dd427f5-fa02-40ef-aa90-cfa73e0c539e,24,1:21,Jaylen Brown makes two point driving floating jump shot (Luka Garza assists),twopointmade,26,0464e75c-8bc8-4f18-9ee2-577832b889d6,basketball_play,1773527620,346,True,2026-03-14 22:33:40+00:00,1,81.0,639.0,10.65,110
4,11,quarter,1,0464e75c-8bc8-4f18-9ee2-577832b889d6,27,1:05,Jamir Watkins makes three point jump shot (Sharife Cooper assists),threepointmade,26,6dd427f5-fa02-40ef-aa90-cfa73e0c539e,basketball_play,1773527636,345,True,2026-03-14 22:33:56+00:00,1,65.0,655.0,10.916666666666666,111
4,10,quarter,1,6dd427f5-fa02-40ef-aa90-cfa73e0c539e,27,00:56.20,Luka Garza offensive foul (Sharife Cooper draws the foul),offensivefoul,26,0464e75c-8bc8-4f18-9ee2-577832b889d6,basketball_play,1773527648,344,True,2026-03-14 22:34:08+00:00,1,56.2,663.8,11.063333333333333,112
4,9,quarter,1,6dd427f5-fa02-40ef-aa90-cfa73e0c539e,27,00:56.20,Luka Garza turnover (offensive foul),turnover,26,0464e75c-8bc8-4f18-9ee2-577832b889d6,basketball_play,1773527648,343,True,2026-03-14 22:34:08+00:00,1,56.2,663.8,11.063333333333333,113
4,8,quarter,1,6dd427f5-fa02-40ef-aa90-cfa73e0c539e,27,00:56.20,"Celtics lineup change (Baylor Scheierman, Payton Pritchard, Luka Garza, Derrick White, Jaylen Brown)",lineupchange,26,,basketball_play,1773527681,342,True,2026-03-14 22:34:41+00:00,1,56.2,663.8,11.063333333333333,114
4,7,quarter,1,0464e75c-8bc8-4f18-9ee2-577832b889d6,27,00:44.30,Bub Carrington turnover (bad pass) (Derrick White steals),turnover,26,6dd427f5-fa02-40ef-aa90-cfa73e0c539e,basketball_play,1773527681,341,True,2026-03-14 22:34:41+00:00,1,44.3,675.7,11.261666666666667,115
4,6,quarter,1,6dd427f5-fa02-40ef-aa90-cfa73e0c539e,27,00:30.90,Baylor Scheierman makes three point jump shot (Payton Pritchard assists),threepointmade,29,0464e75c-8bc8-4f18-9ee2-577832b889d6,basketball_play,1773527694,340,True,2026-03-14 22:34:54+00:00,1,30.9,689.1,11.485000000000001,116
4,5,quarter,1,0464e75c-8bc8-4f18-9ee2-577832b889d6,27,00:08.30,Justin Champagnie misses three point jump shot,threepointmiss,29,,basketball_play,1773527724,339,True,2026-03-14 22:35:24+00:00,1,8.3,711.7,11.861666666666668,117
4,4,quarter,1,6dd427f5-fa02-40ef-aa90-cfa73e0c539e,27,00:04.70,Derrick White defensive rebound,rebound,29,6dd427f5-fa02-40ef-aa90-cfa73e0c539e,basketball_play,1773527727,338,True,2026-03-14 22:35:27+00:00,1,4.7,715.3,11.921666666666665,118
4,3,quarter,1,6dd427f5-fa02-40ef-aa90-cfa73e0c539e,27,00:02.50,Payton Pritchard misses three point stepback jump shot,threepointmiss,29,,basketball_play,1773527730,337,True,2026-03-14 22:35:30+00:00,1,2.5,717.5,11.958333333333334,119
4,2,quarter,1,6dd427f5-fa02-40ef-aa90-cfa73e0c539e,27,00:00.50,Celtics offensive rebound,rebound,29,6dd427f5-fa02-40ef-aa90-cfa73e0c539e,basketball_play,1773527732,336,True,2026-03-14 22:35:32+00:00,1,0.5,719.5,11.991666666666667,120
4,1,quarter,1,,27,00:00,End of 1st Quarter.,endperiod,29,,basketball_play,1773527763,335,True,2026-03-14 22:36:03+00:00,1,0.0,720.0,12.0,121
3,115,quarter,2,6dd427f5-fa02-40ef-aa90-cfa73e0c539e,27,12:00,"Celtics lineup change (Baylor Scheierman, Payton Pritchard, Luka Garza, Derrick White, Sam Hauser)",lineupchange,29,,basketball_play,1773527897,334,True,2026-03-14 22:38:17+00:00,2,720.0,720.0,12.0,122
3,114,quarter,2,,27,12:00,Start of 2nd Quarter,startperiod,29,,basketball_play,1773527897,333,True,2026-03-14 22:38:17+00:00,2,720.0,720.0,12.0,123
3,113,quarter,2,6dd427f5-fa02-40ef-aa90-cfa73e0c539e,27,11:45,Luka Garza makes two point cutting layup (Derrick White assists),twopointmade,31,0464e75c-8bc8-4f18-9ee2-577832b889d6,basketball_play,1773527912,332,True,2026-03-14 22:38:32+00:00,2,705.0,735.0,12.25,124
3,112,quarter,2,0464e75c-8bc8-4f18-9ee2-577832b889d6,27,11:31,Derrick White blocks Tristan Vukcevic's two point driving floating jump shot,twopointmiss,31,,basketball_play,1773527925,331,True,2026-03-14 22:38:45+00:00,2,691.0,749.0,12.483333333333333,125
3,111,quarter,2,6dd427f5-fa02-40ef-aa90-cfa73e0c539e,27,11:31,Payton Pritchard defensive rebound,rebound,31,6dd427f5-fa02-40ef-aa90-cfa73e0c539e,basketball_play,1773527925,330,True,2026-03-14 22:38:45+00:00,2,691.0,749.0,12.483333333333333,126
3,110,quarter,2,0464e75c-8bc8-4f18-9ee2-577832b889d6,27,11:23,Bub Carrington shooting foul (Derrick White draws the foul),shootingfoul,31,6dd427f5-fa02-40ef-aa90-cfa73e0c539e,basketball_play,1773527935,329,True,2026-03-14 22:38:55+00:00,2,683.0,757.0,12.616666666666667,127
3,109,quarter,2,6dd427f5-fa02-40ef-aa90-cfa73e0c539e,27,11:23,Derrick White makes regular free throw 1 of 2,freethrowmade,32,6dd427f5-fa02-40ef-aa90-cfa73e0c539e,basketball_play,1773527968,328,True,2026-03-14 22:39:28+00:00,2,683.0,757.0,12.616666666666667,128
3,108,quarter,2,6dd427f5-fa02-40ef-aa90-cfa73e0c539e,27,11:23,Derrick White makes regular free throw 2 of 2,freethrowmade,33,0464e75c-8bc8-4f18-9ee2-577832b889d6,basketball_play,1773527987,327,True,2026-03-14 22:39:47+00:00,2,683.0,757.0,12.616666666666667,129
3,107,quarter,2,0464e75c-8bc8-4f18-9ee2-577832b889d6,27,11:17,Tristan Vukcevic offensive foul (Derrick White draws the foul),offensivefoul,33,6dd427f5-fa02-40ef-aa90-cfa73e0c539e,basketball_play,1773527996,326,True,2026-03-14 22:39:56+00:00,2,677.0,763.0,12.716666666666667,130
3,106,quarter,2,0464e75c-8bc8-4f18-9ee2-577832b889d6,27,11:17,Tristan Vukcevic turnover (offensive foul),turnover,33,6dd427f5-fa02-40ef-aa90-cfa73e0c539e,basketball_play,1773527996,325,True,2026-03-14 22:39:56+00:00,2,677.0,763.0,12.716666666666667,131
3,105,quarter,2,6dd427f5-fa02-40ef-aa90-cfa73e0c539e,27,11:01,Derrick White misses two point pullup jump shot,twopointmiss,33,,basketball_play,1773528027,324,True,2026-03-14 22:40:27+00:00,2,661.0,779.0,12.983333333333333,132
3,104,quarter,2,0464e75c-8bc8-4f18-9ee2-577832b889d6,27,10:58,Justin Champagnie defensive rebound,rebound,33,0464e75c-8bc8-4f18-9ee2-577832b889d6,basketball_play,1773528030,323,True,2026-03-14 22:40:30+00:00,2,658.0,782.0,13.033333333333333,133
3,103,quarter,2,0464e75c-8bc8-4f18-9ee2-577832b889d6,29,10:35,Jamir Watkins makes two point cutting layup (Sharife Cooper assists),twopointmade,33,6dd427f5-fa02-40ef-aa90-cfa73e0c539e,basketball_play,1773528052,322,True,2026-03-14 22:40:52+00:00,2,635.0,805.0,13.416666666666666,134
3,102,quarter,2,6dd427f5-fa02-40ef-aa90-cfa73e0c539e,29,10:15,Sam Hauser misses three point jump shot,threepointmiss,33,,basketball_play,1773528073,321,True,2026-03-14 22:41:13+00:00,2,615.0,825.0,13.75,135
3,101,quarter,2,6dd427f5-fa02-40ef-aa90-cfa73e0c539e,29,10:11,Baylor Scheierman offensive rebound,rebound,33,6dd427f5-fa02-40ef-aa90-cfa73e0c539e,basketball_play,1773528077,320,True,2026-03-14 22:41:17+00:00,2,611.0,829.0,13.816666666666666,136
3,100,quarter,2,,29,10:11,Stoppage (Out of bounds),stoppage,33,,basketball_play,1773528081,319,True,2026-03-14 22:41:21+00:00,2,611.0,829.0,13.816666666666666,137
3,99,quarter,2,6dd427f5-fa02-40ef-aa90-cfa73e0c539e,29,9:59,Payton Pritchard misses three point stepback jump shot,threepointmiss,33,,basketball_play,1773528108,318,True,2026-03-14 22:41:48+00:00,2,599.0,841.0,14.016666666666667,138
3,98,quarter,2,6dd427f5-fa02-40ef-aa90-cfa73e0c539e,29,9:56,Luka Garza offensive rebound,rebound,33,6dd427f5-fa02-40ef-aa90-cfa73e0c539e,basketball_play,1773528111,317,True,2026-03-14 22:41:51+00:00,2,596.0,844.0,14.066666666666666,139
3,97,quarter,2,6dd427f5-fa02-40ef-aa90-cfa73e0c539e,29,9:55,Luka Garza makes two point putback layup,twopointmade,35,0464e75c-8bc8-4f18-9ee2-577832b889d6,basketball_play,1773528112,316,True,2026-03-14 22:41:52+00:00,2,595.0,845.0,14.083333333333334,140
3,96,quarter,2,6dd427f5-fa02-40ef-aa90-cfa73e0c539e,29,9:30,Luka Garza shooting foul (Jamir Watkins draws the foul),shootingfoul,35,0464e75c-8bc8-4f18-9ee2-577832b889d6,basketball_play,1773528138,315,True,2026-03-14 22:42:18+00:00,2,570.0,870.0,14.5,141
3,95,quarter,2,0464e75c-8bc8-4f18-9ee2-577832b889d6,29,9:30,Jamir Watkins misses regular free throw 1 of 2,freethrowmiss,35,0464e75c-8bc8-4f18-9ee2-577832b889d6,basketball_play,1773528174,314,True,2026-03-14 22:42:54+00:00,2,570.0,870.0,14.5,142
3,94,quarter,2,0464e75c-8bc8-4f18-9ee2-577832b889d6,29,9:30,Wizards offensive rebound,rebound,35,0464e75c-8bc8-4f18-9ee2-577832b889d6,basketball_play,1773528174,313,True,2026-03-14 22:42:54+00:00,2,570.0,870.0,14.5,143
3,93,quarter,2,0464e75c-8bc8-4f18-9ee2-577832b889d6,29,9:30,"Wizards lineup change (Sharife Cooper, Bub Carrington, Jamir Watkins, Justin Champagnie, Anthony Gill)",lineupchange,35,,basketball_play,1773528191,312,True,2026-03-14 22:43:11+00:00,2,570.0,870.0,14.5,144
3,92,quarter,2,0464e75c-8bc8-4f18-9ee2-577832b889d6,29,9:30,Jamir Watkins misses regular free throw 2 of 2,freethrowmiss,35,,basketball_play,1773528174,311,True,2026-03-14 22:42:54+00:00,2,570.0,870.0,14.5,145
3,91,quarter,2,6dd427f5-fa02-40ef-aa90-cfa73e0c539e,29,9:30,Baylor Scheierman defensive rebound,rebound,35,6dd427f5-fa02-40ef-aa90-cfa73e0c539e,basketball_play,1773528174,310,True,2026-03-14 22:42:54+00:00,2,570.0,870.0,14.5,146
3,90,quarter,2,6dd427f5-fa02-40ef-aa90-cfa73e0c539e,29,9:09,Sam Hauser makes three point jump shot (Baylor Scheierman assists),threepointmade,38,0464e75c-8bc8-4f18-9ee2-577832b889d6,basketball_play,1773528211,309,True,2026-03-14 22:43:31+00:00,2,549.0,891.0,14.85,147
3,89,quarter,2,0464e75c-8bc8-4f18-9ee2-577832b889d6,29,9:06,Wizards 60 second timeout,teamtimeout,38,,basketball_play,1773528218,308,True,2026-03-14 22:43:38+00:00,2,546.0,894.0,14.9,148
3,88,quarter,2,0464e75c-8bc8-4f18-9ee2-577832b889d6,29,8:55,Jamir Watkins turnover (lost ball) (Payton Pritchard steals),turnover,38,6dd427f5-fa02-40ef-aa90-cfa73e0c539e,basketball_play,1773528401,307,True,2026-03-14 22:46:41+00:00,2,535.0,905.0,15.083333333333334,149
3,87,quarter,2,6dd427f5-fa02-40ef-aa90-cfa73e0c539e,29,8:50,Luka Garza makes two point running layup (Sam Hauser assists),twopointmade,40,0464e75c-8bc8-4f18-9ee2-577832b889d6,basketball_play,1773528407,306,True,2026-03-14 22:46:47+00:00,2,530.0,910.0,15.166666666666666,150
3,86,quarter,2,0464e75c-8bc8-4f18-9ee2-577832b889d6,29,8:50,Justin Champagnie defensive goaltending violation,defensivegoaltending,40,6dd427f5-fa02-40ef-aa90-cfa73e0c539e,basketball_play,1773528414,305,True,2026-03-14 22:46:54+00:00,2,530.0,910.0,15.166666666666666,151
3,85,quarter,2,0464e75c-8bc8-4f18-9ee2-577832b889d6,29,8:29,Sharife Cooper misses two point pullup jump shot,twopointmiss,40,,basketball_play,1773528437,304,True,2026-03-14 22:47:17+00:00,2,509.0,931.0,15.516666666666667,152
3,84,quarter,2,6dd427f5-fa02-40ef-aa90-cfa73e0c539e,29,8:25,Payton Pritchard defensive rebound,rebound,40,6dd427f5-fa02-40ef-aa90-cfa73e0c539e,basketball_play,1773528441,303,True,2026-03-14 22:47:21+00:00,2,505.0,935.0,15.583333333333334,153
3,83,quarter,2,6dd427f5-fa02-40ef-aa90-cfa73e0c539e,29,8:23,Sam Hauser makes three point running pullup jump shot (Payton Pritchard assists),threepointmade,43,0464e75c-8bc8-4f18-9ee2-577832b889d6,basketball_play,1773528444,302,True,2026-03-14 22:47:24+00:00,2,503.0,937.0,15.616666666666667,154
3,82,quarter,2,0464e75c-8bc8-4f18-9ee2-577832b889d6,29,8:13,Jamir Watkins misses three point jump shot,threepointmiss,43,,basketball_play,1773528453,301,True,2026-03-14 22:47:33+00:00,2,493.0,947.0,15.783333333333333,155
3,81,quarter,2,6dd427f5-fa02-40ef-aa90-cfa73e0c539e,29,8:10,Payton Pritchard defensive rebound,rebound,43,6dd427f5-fa02-40ef-aa90-cfa73e0c539e,basketball_play,1773528456,300,True,2026-03-14 22:47:36+00:00,2,490.0,950.0,15.833333333333334,156
3,80,quarter,2,0464e75c-8bc8-4f18-9ee2-577832b889d6,29,7:56,Jamir Watkins personal foul (Luka Garza draws the foul),personalfoul,43,6dd427f5-fa02-40ef-aa90-cfa73e0c539e,basketball_play,1773528474,299,True,2026-03-14 22:47:54+00:00,2,476.0,964.0,16.066666666666666,157
3,79,quarter,2,0464e75c-8bc8-4f18-9ee2-577832b889d6,29,7:56,"Wizards lineup change (Trae Young, Alex Sarr, Bub Carrington, Tre Johnson, Justin Champagnie)",lineupchange,43,,basketball_play,1773528483,298,True,2026-03-14 22:48:03+00:00,2,476.0,964.0,16.066666666666666,158
3,78,quarter,2,6dd427f5-fa02-40ef-aa90-cfa73e0c539e,29,7:56,"Celtics lineup change (Neemias Queta, Baylor Scheierman, Jayson Tatum, Derrick White, Sam Hauser)",lineupchange,43,,basketball_play,1773528483,297,True,2026-03-14 22:48:03+00:00,2,476.0,964.0,16.066666666666666,159
3,77,quarter,2,6dd427f5-fa02-40ef-aa90-cfa73e0c539e,29,7:48,Derrick White misses three point pullup jump shot,threepointmiss,43,,basketball_play,1773528517,296,True,2026-03-14 22:48:37+00:00,2,468.0,972.0,16.2,160
3,76,quarter,2,0464e75c-8bc8-4f18-9ee2-577832b889d6,29,7:45,Bub Carrington defensive rebound,rebound,43,0464e75c-8bc8-4f18-9ee2-577832b889d6,basketball_play,1773528520,295,True,2026-03-14 22:48:40+00:00,2,465.0,975.0,16.25,161
3,75,quarter,2,6dd427f5-fa02-40ef-aa90-cfa73e0c539e,29,7:41,Sam Hauser personal foul (Bub Carrington draws the foul),personalfoul,43,0464e75c-8bc8-4f18-9ee2-577832b889d6,basketball_play,1773528528,294,True,2026-03-14 22:48:48+00:00,2,461.0,979.0,16.316666666666666,162
3,74,quarter,2,0464e75c-8bc8-4f18-9ee2-577832b889d6,29,7:27,Tre Johnson misses two point driving floating jump shot,twopointmiss,43,,basketball_play,1773528561,293,True,2026-03-14 22:49:21+00:00,2,447.0,993.0,16.55,163
3,73,quarter,2,6dd427f5-fa02-40ef-aa90-cfa73e0c539e,29,7:24,Baylor Scheierman defensive rebound,rebound,43,6dd427f5-fa02-40ef-aa90-cfa73e0c539e,basketball_play,1773528564,292,True,2026-03-14 22:49:24+00:00,2,444.0,996.0,16.6,164
3,72,quarter,2,6dd427f5-fa02-40ef-aa90-cfa73e0c539e,29,7:14,Neemias Queta makes two point cutting layup (Baylor Scheierman assists),twopointmade,45,0464e75c-8bc8-4f18-9ee2-577832b889d6,basketball_play,1773528575,291,True,2026-03-14 22:49:35+00:00,2,434.0,1006.0,16.766666666666666,165
3,71,quarter,2,0464e75c-8bc8-4f18-9ee2-577832b889d6,29,7:05,Wizards 60 second timeout,teamtimeout,45,,basketball_play,1773528589,290,True,2026-03-14 22:49:49+00:00,2,425.0,1015.0,16.916666666666668,166
3,70,quarter,2,0464e75c-8bc8-4f18-9ee2-577832b889d6,29,7:05,"Wizards lineup change (Trae Young, Alex Sarr, Bub Carrington, Tre Johnson, Bilal Coulibaly)",lineupchange,45,,basketball_play,1773528777,289,True,2026-03-14 22:52:57+00:00,2,425.0,1015.0,16.916666666666668,167
3,69,quarter,2,0464e75c-8bc8-4f18-9ee2-577832b889d6,29,6:50,Alex Sarr misses two point turnaround jump shot,twopointmiss,45,,basketball_play,1773528777,288,True,2026-03-14 22:52:57+00:00,2,410.0,1030.0,17.166666666666668,168
3,68,quarter,2,6dd427f5-fa02-40ef-aa90-cfa73e0c539e,29,6:47,Neemias Queta defensive rebound,rebound,45,6dd427f5-fa02-40ef-aa90-cfa73e0c539e,basketball_play,1773528780,287,True,2026-03-14 22:53:00+00:00,2,407.0,1033.0,17.216666666666665,169
3,67,quarter,2,0464e75c-8bc8-4f18-9ee2-577832b889d6,29,6:37,Bilal Coulibaly shooting foul (Neemias Queta draws the foul),shootingfoul,45,6dd427f5-fa02-40ef-aa90-cfa73e0c539e,basketball_play,1773528793,286,True,2026-03-14 22:53:13+00:00,2,397.0,1043.0,17.383333333333333,170
3,66,quarter,2,6dd427f5-fa02-40ef-aa90-cfa73e0c539e,29,6:37,Neemias Queta misses regular free throw 1 of 2,freethrowmiss,45,6dd427f5-fa02-40ef-aa90-cfa73e0c539e,basketball_play,1773528816,285,True,2026-03-14 22:53:36+00:00,2,397.0,1043.0,17.383333333333333,171
3,65,quarter,2,6dd427f5-fa02-40ef-aa90-cfa73e0c539e,29,6:37,Celtics offensive rebound,rebound,45,6dd427f5-fa02-40ef-aa90-cfa73e0c539e,basketball_play,1773528816,284,True,2026-03-14 22:53:36+00:00,2,397.0,1043.0,17.383333333333333,172
3,64,quarter,2,0464e75c-8bc8-4f18-9ee2-577832b889d6,29,6:37,"Wizards lineup change (Will Riley, Trae Young, Alex Sarr, Tre Johnson, Bilal Coulibaly)",lineupchange,45,,basketball_play,1773528817,283,True,2026-03-14 22:53:37+00:00,2,397.0,1043.0,17.383333333333333,173
3,63,quarter,2,6dd427f5-fa02-40ef-aa90-cfa73e0c539e,29,6:37,"Celtics lineup change (Neemias Queta, Baylor Scheierman, Jayson Tatum, Derrick White, Jaylen Brown)",lineupchange,45,,basketball_play,1773528817,282,True,2026-03-14 22:53:37+00:00,2,397.0,1043.0,17.383333333333333,174
3,62,quarter,2,6dd427f5-fa02-40ef-aa90-cfa73e0c539e,29,6:37,Neemias Queta makes regular free throw 2 of 2,freethrowmade,46,0464e75c-8bc8-4f18-9ee2-577832b889d6,basketball_play,1773528841,281,True,2026-03-14 22:54:01+00:00,2,397.0,1043.0,17.383333333333333,175
3,61,quarter,2,,29,6:25,Stoppage (Out of bounds),stoppage,46,,basketball_play,1773528857,280,True,2026-03-14 22:54:17+00:00,2,385.0,1055.0,17.583333333333332,176
3,60,quarter,2,0464e75c-8bc8-4f18-9ee2-577832b889d6,29,6:16,Will Riley misses three point jump shot,threepointmiss,46,,basketball_play,1773528877,279,True,2026-03-14 22:54:37+00:00,2,376.0,1064.0,17.733333333333334,177
3,59,quarter,2,6dd427f5-fa02-40ef-aa90-cfa73e0c539e,29,6:14,Jayson Tatum defensive rebound,rebound,46,6dd427f5-fa02-40ef-aa90-cfa73e0c539e,basketball_play,1773528879,278,True,2026-03-14 22:54:39+00:00,2,374.0,1066.0,17.766666666666666,178
3,58,quarter,2,6dd427f5-fa02-40ef-aa90-cfa73e0c539e,29,6:01,Jayson Tatum misses two point driving layup,twopointmiss,46,,basketball_play,1773528892,277,True,2026-03-14 22:54:52+00:00,2,361.0,1079.0,17.983333333333334,179
3,57,quarter,2,0464e75c-8bc8-4f18-9ee2-577832b889d6,29,5:59,Trae Young defensive rebound,rebound,46,0464e75c-8bc8-4f18-9ee2-577832b889d6,basketball_play,1773528894,276,True,2026-03-14 22:54:54+00:00,2,359.0,1081.0,18.016666666666666,180
3,56,quarter,2,0464e75c-8bc8-4f18-9ee2-577832b889d6,29,5:56,Tre Johnson misses three point running jump shot,threepointmiss,46,,basketball_play,1773528897,275,True,2026-03-14 22:54:57+00:00,2,356.0,1084.0,18.066666666666666,181
3,55,quarter,2,6dd427f5-fa02-40ef-aa90-cfa73e0c539e,29,5:53,Jayson Tatum defensive rebound,rebound,46,6dd427f5-fa02-40ef-aa90-cfa73e0c539e,basketball_play,1773528900,274,True,2026-03-14 22:55:00+00:00,2,353.0,1087.0,18.116666666666667,182
3,54,quarter,2,6dd427f5-fa02-40ef-aa90-cfa73e0c539e,29,5:45,Baylor Scheierman misses three point jump shot,threepointmiss,46,,basketball_play,1773528908,273,True,2026-03-14 22:55:08+00:00,2,345.0,1095.0,18.25,183
3,53,quarter,2,0464e75c-8bc8-4f18-9ee2-577832b889d6,29,5:43,Tre Johnson defensive rebound,rebound,46,0464e75c-8bc8-4f18-9ee2-577832b889d6,basketball_play,1773528910,272,True,2026-03-14 22:55:10+00:00,2,343.0,1097.0,18.283333333333335,184
3,52,quarter,2,0464e75c-8bc8-4f18-9ee2-577832b889d6,29,5:38,Trae Young misses three point running jump shot,threepointmiss,46,,basketball_play,1773528915,271,True,2026-03-14 22:55:15+00:00,2,338.0,1102.0,18.366666666666667,185
3,51,quarter,2,6dd427f5-fa02-40ef-aa90-cfa73e0c539e,29,5:36,Neemias Queta defensive rebound,rebound,46,6dd427f5-fa02-40ef-aa90-cfa73e0c539e,basketball_play,1773528917,270,True,2026-03-14 22:55:17+00:00,2,336.0,1104.0,18.4,186
3,50,quarter,2,,29,5:30,Stoppage (Out of bounds),stoppage,46,,basketball_play,1773528925,269,True,2026-03-14 22:55:25+00:00,2,330.0,1110.0,18.5,187
3,49,quarter,2,6dd427f5-fa02-40ef-aa90-cfa73e0c539e,29,5:21,Jaylen Brown turnover (lost ball) (Alex Sarr steals),turnover,46,0464e75c-8bc8-4f18-9ee2-577832b889d6,basketball_play,1773528947,268,True,2026-03-14 22:55:47+00:00,2,321.0,1119.0,18.65,188
3,48,quarter,2,0464e75c-8bc8-4f18-9ee2-577832b889d6,29,5:16,Neemias Queta blocks Will Riley's two point running layup,twopointmiss,46,,basketball_play,1773528952,267,True,2026-03-14 22:55:52+00:00,2,316.0,1124.0,18.733333333333334,189
3,47,quarter,2,6dd427f5-fa02-40ef-aa90-cfa73e0c539e,29,5:13,Baylor Scheierman defensive rebound,rebound,46,6dd427f5-fa02-40ef-aa90-cfa73e0c539e,basketball_play,1773528955,266,True,2026-03-14 22:55:55+00:00,2,313.0,1127.0,18.783333333333335,190
3,46,quarter,2,,29,5:10,Stoppage (Out of bounds),stoppage,46,,basketball_play,1773528961,265,True,2026-03-14 22:56:01+00:00,2,310.0,1130.0,18.833333333333332,191
3,45,quarter,2,6dd427f5-fa02-40ef-aa90-cfa73e0c539e,29,5:10,"Celtics lineup change (Neemias Queta, Payton Pritchard, Jayson Tatum, Derrick White, Jaylen Brown)",lineupchange,46,,basketball_play,1773528991,264,True,2026-03-14 22:56:31+00:00,2,310.0,1130.0,18.833333333333332,192
3,44,quarter,2,6dd427f5-fa02-40ef-aa90-cfa73e0c539e,29,4:58,Neemias Queta makes two point floating jump shot (Jayson Tatum assists),twopointmade,48,0464e75c-8bc8-4f18-9ee2-577832b889d6,basketball_play,1773528991,263,True,2026-03-14 22:56:31+00:00,2,298.0,1142.0,19.033333333333335,193
3,43,quarter,2,0464e75c-8bc8-4f18-9ee2-577832b889d6,32,4:38,Alex Sarr makes three point jump shot (Tre Johnson assists),threepointmade,48,6dd427f5-fa02-40ef-aa90-cfa73e0c539e,basketball_play,1773529011,262,True,2026-03-14 22:56:51+00:00,2,278.0,1162.0,19.366666666666667,194
3,42,quarter,2,6dd427f5-fa02-40ef-aa90-cfa73e0c539e,32,4:25,Derrick White makes three point jump shot (Jayson Tatum assists),threepointmade,51,0464e75c-8bc8-4f18-9ee2-577832b889d6,basketball_play,1773529024,261,True,2026-03-14 22:57:04+00:00,2,265.0,1175.0,19.583333333333332,195
3,41,quarter,2,6dd427f5-fa02-40ef-aa90-cfa73e0c539e,32,4:12,Jaylen Brown personal foul (Bilal Coulibaly draws the foul),personalfoul,51,0464e75c-8bc8-4f18-9ee2-577832b889d6,basketball_play,1773529041,260,True,2026-03-14 22:57:21+00:00,2,252.0,1188.0,19.8,196
3,40,quarter,2,0464e75c-8bc8-4f18-9ee2-577832b889d6,32,4:10,Tre Johnson misses three point jump shot,threepointmiss,51,,basketball_play,1773529060,259,True,2026-03-14 22:57:40+00:00,2,250.0,1190.0,19.833333333333332,197
3,39,quarter,2,6dd427f5-fa02-40ef-aa90-cfa73e0c539e,32,4:06,Derrick White defensive rebound,rebound,51,6dd427f5-fa02-40ef-aa90-cfa73e0c539e,basketball_play,1773529064,258,True,2026-03-14 22:57:44+00:00,2,246.0,1194.0,19.9,198
3,38,quarter,2,6dd427f5-fa02-40ef-aa90-cfa73e0c539e,32,3:57,Payton Pritchard misses three point jump shot,threepointmiss,51,,basketball_play,1773529073,257,True,2026-03-14 22:57:53+00:00,2,237.0,1203.0,20.05,199
3,37,quarter,2,0464e75c-8bc8-4f18-9ee2-577832b889d6,32,3:55,Alex Sarr defensive rebound,rebound,51,0464e75c-8bc8-4f18-9ee2-577832b889d6,basketball_play,1773529075,256,True,2026-03-14 22:57:55+00:00,2,235.0,1205.0,20.083333333333332,200
3,36,quarter,2,0464e75c-8bc8-4f18-9ee2-577832b889d6,32,3:41,Trae Young misses two point stepback jump shot,twopointmiss,51,,basketball_play,1773529090,255,True,2026-03-14 22:58:10+00:00,2,221.0,1219.0,20.316666666666666,201
3,35,quarter,2,6dd427f5-fa02-40ef-aa90-cfa73e0c539e,32,3:39,Jayson Tatum defensive rebound,rebound,51,6dd427f5-fa02-40ef-aa90-cfa73e0c539e,basketball_play,1773529092,254,True,2026-03-14 22:58:12+00:00,2,219.0,1221.0,20.35,202
3,34,quarter,2,6dd427f5-fa02-40ef-aa90-cfa73e0c539e,32,3:32,Neemias Queta makes two point driving layup (Payton Pritchard assists),twopointmade,53,0464e75c-8bc8-4f18-9ee2-577832b889d6,basketball_play,1773529099,253,True,2026-03-14 22:58:19+00:00,2,212.0,1228.0,20.466666666666665,203
3,33,quarter,2,0464e75c-8bc8-4f18-9ee2-577832b889d6,32,3:20,Alex Sarr misses three point pullup jump shot,threepointmiss,53,,basketball_play,1773529110,252,True,2026-03-14 22:58:30+00:00,2,200.0,1240.0,20.666666666666668,204
3,32,quarter,2,0464e75c-8bc8-4f18-9ee2-577832b889d6,32,3:20,Will Riley offensive rebound,rebound,53,0464e75c-8bc8-4f18-9ee2-577832b889d6,basketball_play,1773529110,251,True,2026-03-14 22:58:30+00:00,2,200.0,1240.0,20.666666666666668,205
3,31,quarter,2,0464e75c-8bc8-4f18-9ee2-577832b889d6,34,3:13,Will Riley makes two point driving layup (Trae Young assists),twopointmade,53,6dd427f5-fa02-40ef-aa90-cfa73e0c539e,basketball_play,1773529117,250,True,2026-03-14 22:58:37+00:00,2,193.0,1247.0,20.783333333333335,206
3,30,quarter,2,0464e75c-8bc8-4f18-9ee2-577832b889d6,34,3:04,Alex Sarr shooting foul (Jayson Tatum draws the foul),shootingfoul,53,6dd427f5-fa02-40ef-aa90-cfa73e0c539e,basketball_play,1773529130,249,True,2026-03-14 22:58:50+00:00,2,184.0,1256.0,20.933333333333334,207
3,29,quarter,2,6dd427f5-fa02-40ef-aa90-cfa73e0c539e,34,3:04,Jayson Tatum makes regular free throw 1 of 2,freethrowmade,54,6dd427f5-fa02-40ef-aa90-cfa73e0c539e,basketball_play,1773529151,248,True,2026-03-14 22:59:11+00:00,2,184.0,1256.0,20.933333333333334,208
3,28,quarter,2,6dd427f5-fa02-40ef-aa90-cfa73e0c539e,34,3:04,Jayson Tatum makes regular free throw 2 of 2,freethrowmade,55,0464e75c-8bc8-4f18-9ee2-577832b889d6,basketball_play,1773529166,247,True,2026-03-14 22:59:26+00:00,2,184.0,1256.0,20.933333333333334,209
3,27,quarter,2,0464e75c-8bc8-4f18-9ee2-577832b889d6,36,2:51,Bilal Coulibaly makes two point pullup jump shot,twopointmade,55,6dd427f5-fa02-40ef-aa90-cfa73e0c539e,basketball_play,1773529180,246,True,2026-03-14 22:59:40+00:00,2,171.0,1269.0,21.15,210
3,26,quarter,2,6dd427f5-fa02-40ef-aa90-cfa73e0c539e,36,2:34,Neemias Queta makes two point cutting dunk (Jayson Tatum assists),twopointmade,57,0464e75c-8bc8-4f18-9ee2-577832b889d6,basketball_play,1773529197,245,True,2026-03-14 22:59:57+00:00,2,154.0,1286.0,21.433333333333334,211
3,25,quarter,2,0464e75c-8bc8-4f18-9ee2-577832b889d6,38,2:23,Trae Young makes two point driving floating bank jump shot,twopointmade,57,6dd427f5-fa02-40ef-aa90-cfa73e0c539e,basketball_play,1773529207,244,True,2026-03-14 23:00:07+00:00,2,143.0,1297.0,21.616666666666667,212
3,24,quarter,2,6dd427f5-fa02-40ef-aa90-cfa73e0c539e,38,2:12,Jayson Tatum makes three point pullup jump shot (Neemias Queta assists),threepointmade,60,0464e75c-8bc8-4f18-9ee2-577832b889d6,basketball_play,1773529219,243,True,2026-03-14 23:00:19+00:00,2,132.0,1308.0,21.8,213
3,23,quarter,2,0464e75c-8bc8-4f18-9ee2-577832b889d6,40,1:58,Trae Young makes two point pullup jump shot,twopointmade,60,6dd427f5-fa02-40ef-aa90-cfa73e0c539e,basketball_play,1773529234,242,True,2026-03-14 23:00:34+00:00,2,118.0,1322.0,22.033333333333335,214
3,22,quarter,2,6dd427f5-fa02-40ef-aa90-cfa73e0c539e,40,1:58,Payton Pritchard shooting foul (Trae Young draws the foul),shootingfoul,60,0464e75c-8bc8-4f18-9ee2-577832b889d6,basketball_play,1773529243,241,True,2026-03-14 23:00:43+00:00,2,118.0,1322.0,22.033333333333335,215
3,21,quarter,2,0464e75c-8bc8-4f18-9ee2-577832b889d6,41,1:58,Trae Young makes regular free throw 1 of 1,freethrowmade,60,,basketball_play,1773529260,240,True,2026-03-14 23:01:00+00:00,2,118.0,1322.0,22.033333333333335,216
3,20,quarter,2,6dd427f5-fa02-40ef-aa90-cfa73e0c539e,41,1:38,Derrick White misses two point driving floating jump shot,twopointmiss,60,,basketball_play,1773529282,239,True,2026-03-14 23:01:22+00:00,2,98.0,1342.0,22.366666666666667,217
3,19,quarter,2,0464e75c-8bc8-4f18-9ee2-577832b889d6,41,1:37,Alex Sarr defensive rebound,rebound,60,0464e75c-8bc8-4f18-9ee2-577832b889d6,basketball_play,1773529283,238,True,2026-03-14 23:01:23+00:00,2,97.0,1343.0,22.383333333333333,218
3,18,quarter,2,0464e75c-8bc8-4f18-9ee2-577832b889d6,41,1:36,Alex Sarr turnover (out of bounds lost ball),turnover,60,6dd427f5-fa02-40ef-aa90-cfa73e0c539e,basketball_play,1773529286,237,True,2026-03-14 23:01:26+00:00,2,96.0,1344.0,22.4,219
3,17,quarter,2,6dd427f5-fa02-40ef-aa90-cfa73e0c539e,41,1:23,Derrick White misses two point driving floating jump shot,twopointmiss,60,,basketball_play,1773529333,236,True,2026-03-14 23:02:13+00:00,2,83.0,1357.0,22.616666666666667,220
3,16,quarter,2,6dd427f5-fa02-40ef-aa90-cfa73e0c539e,41,1:21,Neemias Queta offensive rebound,rebound,60,6dd427f5-fa02-40ef-aa90-cfa73e0c539e,basketball_play,1773529335,235,True,2026-03-14 23:02:15+00:00,2,81.0,1359.0,22.65,221
3,15,quarter,2,6dd427f5-fa02-40ef-aa90-cfa73e0c539e,41,1:20,Bilal Coulibaly blocks Jaylen Brown's three point jump shot,threepointmiss,60,,basketball_play,1773529338,234,True,2026-03-14 23:02:18+00:00,2,80.0,1360.0,22.666666666666668,222
3,14,quarter,2,6dd427f5-fa02-40ef-aa90-cfa73e0c539e,41,1:18,Derrick White offensive rebound,rebound,60,6dd427f5-fa02-40ef-aa90-cfa73e0c539e,basketball_play,1773529340,233,True,2026-03-14 23:02:20+00:00,2,78.0,1362.0,22.7,223
3,13,quarter,2,6dd427f5-fa02-40ef-aa90-cfa73e0c539e,41,1:10,Jayson Tatum makes two point pullup jump shot,twopointmade,62,0464e75c-8bc8-4f18-9ee2-577832b889d6,basketball_play,1773529346,232,True,2026-03-14 23:02:26+00:00,2,70.0,1370.0,22.833333333333332,224
3,12,quarter,2,0464e75c-8bc8-4f18-9ee2-577832b889d6,41,00:55.30,Tre Johnson misses two point pullup jump shot,twopointmiss,62,,basketball_play,1773529361,231,True,2026-03-14 23:02:41+00:00,2,55.3,1384.7,23.078333333333333,225
3,11,quarter,2,6dd427f5-fa02-40ef-aa90-cfa73e0c539e,41,00:55.30,Jayson Tatum defensive rebound,rebound,62,6dd427f5-fa02-40ef-aa90-cfa73e0c539e,basketball_play,1773529361,230,True,2026-03-14 23:02:41+00:00,2,55.3,1384.7,23.078333333333333,226
3,10,quarter,2,6dd427f5-fa02-40ef-aa90-cfa73e0c539e,41,00:29.60,Jayson Tatum misses two point driving layup,twopointmiss,62,,basketball_play,1773529388,229,True,2026-03-14 23:03:08+00:00,2,29.6,1410.4,23.506666666666668,227
3,9,quarter,2,0464e75c-8bc8-4f18-9ee2-577832b889d6,41,00:26.90,Bilal Coulibaly defensive rebound,rebound,62,0464e75c-8bc8-4f18-9ee2-577832b889d6,basketball_play,1773529390,228,True,2026-03-14 23:03:10+00:00,2,26.9,1413.1,23.551666666666666,228
3,8,quarter,2,0464e75c-8bc8-4f18-9ee2-577832b889d6,41,00:25.40,Bilal Coulibaly turnover (bad pass) (Payton Pritchard steals),turnover,62,6dd427f5-fa02-40ef-aa90-cfa73e0c539e,basketball_play,1773529392,227,True,2026-03-14 23:03:12+00:00,2,25.4,1414.6,23.576666666666664,229
3,7,quarter,2,0464e75c-8bc8-4f18-9ee2-577832b889d6,41,00:04.20,Tre Johnson shooting foul (Derrick White draws the foul),shootingfoul,62,6dd427f5-fa02-40ef-aa90-cfa73e0c539e,basketball_play,1773529415,226,True,2026-03-14 23:03:35+00:00,2,4.2,1435.8,23.93,230
3,6,quarter,2,6dd427f5-fa02-40ef-aa90-cfa73e0c539e,41,00:04.20,Derrick White makes regular free throw 1 of 2,freethrowmade,63,6dd427f5-fa02-40ef-aa90-cfa73e0c539e,basketball_play,1773529449,225,True,2026-03-14 23:04:09+00:00,2,4.2,1435.8,23.93,231
3,5,quarter,2,6dd427f5-fa02-40ef-aa90-cfa73e0c539e,41,00:04.20,"Celtics lineup change (Neemias Queta, Baylor Scheierman, Hugo Gonzalez, Derrick White, Jaylen Brown)",lineupchange,63,,basketball_play,1773529451,224,True,2026-03-14 23:04:11+00:00,2,4.2,1435.8,23.93,232
3,4,quarter,2,6dd427f5-fa02-40ef-aa90-cfa73e0c539e,41,00:04.20,Derrick White makes regular free throw 2 of 2,freethrowmade,64,0464e75c-8bc8-4f18-9ee2-577832b889d6,basketball_play,1773529477,223,True,2026-03-14 23:04:37+00:00,2,4.2,1435.8,23.93,233
3,3,quarter,2,0464e75c-8bc8-4f18-9ee2-577832b889d6,41,00:00.50,Wizards misses heave shot,heave,64,,basketball_play,1773529483,222,True,2026-03-14 23:04:43+00:00,2,0.5,1439.5,23.991666666666667,234
3,2,quarter,2,0464e75c-8bc8-4f18-9ee2-577832b889d6,41,00:00.10,Wizards offensive rebound,rebound,64,0464e75c-8bc8-4f18-9ee2-577832b889d6,basketball_play,1773529483,221,True,2026-03-14 23:04:43+00:00,2,0.1,1439.9,23.998333333333335,235
3,1,quarter,2,,41,00:00,End of 1st Half.,endperiod,64,,basketball_play,1773529506,220,True,2026-03-14 23:05:06+00:00,2,0.0,1440.0,24.0,236
2,104,quarter,3,6dd427f5-fa02-40ef-aa90-cfa73e0c539e,41,12:00,"Celtics lineup change (Neemias Queta, Jayson Tatum, Derrick White, Sam Hauser, Jaylen Brown)",lineupchange,64,,basketball_play,1773530228,219,True,2026-03-14 23:17:08+00:00,3,720.0,1440.0,24.0,237
2,103,quarter,3,,41,12:00,Start of 3rd Quarter,startperiod,64,,basketball_play,1773530419,218,True,2026-03-14 23:20:19+00:00,3,720.0,1440.0,24.0,238
2,102,quarter,3,6dd427f5-fa02-40ef-aa90-cfa73e0c539e,41,11:44,Jayson Tatum makes two point driving layup (Neemias Queta assists),twopointmade,66,0464e75c-8bc8-4f18-9ee2-577832b889d6,basketball_play,1773530436,217,True,2026-03-14 23:20:36+00:00,3,704.0,1456.0,24.266666666666666,239
2,101,quarter,3,0464e75c-8bc8-4f18-9ee2-577832b889d6,43,11:30,Trae Young makes two point driving floating jump shot (Tre Johnson assists),twopointmade,66,6dd427f5-fa02-40ef-aa90-cfa73e0c539e,basketball_play,1773530449,216,True,2026-03-14 23:20:49+00:00,3,690.0,1470.0,24.5,240
2,100,quarter,3,6dd427f5-fa02-40ef-aa90-cfa73e0c539e,43,11:05,Jaylen Brown makes two point pullup jump shot (Neemias Queta assists),twopointmade,68,0464e75c-8bc8-4f18-9ee2-577832b889d6,basketball_play,1773530472,215,True,2026-03-14 23:21:12+00:00,3,665.0,1495.0,24.916666666666668,241
2,99,quarter,3,6dd427f5-fa02-40ef-aa90-cfa73e0c539e,43,10:55,Sam Hauser personal foul (Trae Young draws the foul),personalfoul,68,0464e75c-8bc8-4f18-9ee2-577832b889d6,basketball_play,1773530485,214,True,2026-03-14 23:21:25+00:00,3,655.0,1505.0,25.083333333333332,242
2,98,quarter,3,0464e75c-8bc8-4f18-9ee2-577832b889d6,43,10:47,Alex Sarr misses three point jump shot,threepointmiss,68,,basketball_play,1773530506,213,True,2026-03-14 23:21:46+00:00,3,647.0,1513.0,25.216666666666665,243
2,97,quarter,3,6dd427f5-fa02-40ef-aa90-cfa73e0c539e,43,10:44,Jayson Tatum defensive rebound,rebound,68,6dd427f5-fa02-40ef-aa90-cfa73e0c539e,basketball_play,1773530509,212,True,2026-03-14 23:21:49+00:00,3,644.0,1516.0,25.266666666666666,244
2,96,quarter,3,6dd427f5-fa02-40ef-aa90-cfa73e0c539e,43,10:37,Jayson Tatum makes two point driving layup,twopointmade,70,0464e75c-8bc8-4f18-9ee2-577832b889d6,basketball_play,1773530516,211,True,2026-03-14 23:21:56+00:00,3,637.0,1523.0,25.383333333333333,245
2,95,quarter,3,0464e75c-8bc8-4f18-9ee2-577832b889d6,43,10:25,Bilal Coulibaly misses three point jump shot,threepointmiss,70,,basketball_play,1773530527,210,True,2026-03-14 23:22:07+00:00,3,625.0,1535.0,25.583333333333332,246
2,94,quarter,3,6dd427f5-fa02-40ef-aa90-cfa73e0c539e,43,10:23,Sam Hauser defensive rebound,rebound,70,6dd427f5-fa02-40ef-aa90-cfa73e0c539e,basketball_play,1773530529,209,True,2026-03-14 23:22:09+00:00,3,623.0,1537.0,25.616666666666667,247
2,93,quarter,3,6dd427f5-fa02-40ef-aa90-cfa73e0c539e,43,10:13,Jayson Tatum misses three point driving floating jump shot,threepointmiss,70,,basketball_play,1773530540,208,True,2026-03-14 23:22:20+00:00,3,613.0,1547.0,25.783333333333335,248
2,92,quarter,3,0464e75c-8bc8-4f18-9ee2-577832b889d6,43,10:10,Bilal Coulibaly defensive rebound,rebound,70,0464e75c-8bc8-4f18-9ee2-577832b889d6,basketball_play,1773530543,207,True,2026-03-14 23:22:23+00:00,3,610.0,1550.0,25.833333333333332,249
2,91,quarter,3,0464e75c-8bc8-4f18-9ee2-577832b889d6,43,10:02,Alex Sarr misses two point pullup jump shot,twopointmiss,70,,basketball_play,1773530550,206,True,2026-03-14 23:22:30+00:00,3,602.0,1558.0,25.966666666666665,250
2,90,quarter,3,6dd427f5-fa02-40ef-aa90-cfa73e0c539e,43,9:59,Jayson Tatum defensive rebound,rebound,70,6dd427f5-fa02-40ef-aa90-cfa73e0c539e,basketball_play,1773530553,205,True,2026-03-14 23:22:33+00:00,3,599.0,1561.0,26.016666666666666,251
2,89,quarter,3,6dd427f5-fa02-40ef-aa90-cfa73e0c539e,43,9:54,Derrick White misses three point jump shot,threepointmiss,70,,basketball_play,1773530558,204,True,2026-03-14 23:22:38+00:00,3,594.0,1566.0,26.1,252
2,88,quarter,3,0464e75c-8bc8-4f18-9ee2-577832b889d6,43,9:50,Will Riley defensive rebound,rebound,70,0464e75c-8bc8-4f18-9ee2-577832b889d6,basketball_play,1773530562,203,True,2026-03-14 23:22:42+00:00,3,590.0,1570.0,26.166666666666668,253
2,87,quarter,3,6dd427f5-fa02-40ef-aa90-cfa73e0c539e,43,9:50,Jayson Tatum shooting foul (Bilal Coulibaly draws the foul),shootingfoul,70,0464e75c-8bc8-4f18-9ee2-577832b889d6,basketball_play,1773530565,202,True,2026-03-14 23:22:45+00:00,3,590.0,1570.0,26.166666666666668,254
2,86,quarter,3,0464e75c-8bc8-4f18-9ee2-577832b889d6,44,9:50,Bilal Coulibaly makes regular free throw 1 of 2,freethrowmade,70,0464e75c-8bc8-4f18-9ee2-577832b889d6,basketball_play,1773530593,201,True,2026-03-14 23:23:13+00:00,3,590.0,1570.0,26.166666666666668,255
2,85,quarter,3,0464e75c-8bc8-4f18-9ee2-577832b889d6,45,9:50,Bilal Coulibaly makes regular free throw 2 of 2,freethrowmade,70,6dd427f5-fa02-40ef-aa90-cfa73e0c539e,basketball_play,1773530606,200,True,2026-03-14 23:23:26+00:00,3,590.0,1570.0,26.166666666666668,256
2,84,quarter,3,6dd427f5-fa02-40ef-aa90-cfa73e0c539e,45,9:33,Jaylen Brown turnover (bad pass) (Bilal Coulibaly steals),turnover,70,0464e75c-8bc8-4f18-9ee2-577832b889d6,basketball_play,1773530624,199,True,2026-03-14 23:23:44+00:00,3,573.0,1587.0,26.45,257
2,83,quarter,3,0464e75c-8bc8-4f18-9ee2-577832b889d6,48,9:28,Will Riley makes three point running jump shot (Bilal Coulibaly assists),threepointmade,70,6dd427f5-fa02-40ef-aa90-cfa73e0c539e,basketball_play,1773530630,198,True,2026-03-14 23:23:50+00:00,3,568.0,1592.0,26.533333333333335,258
2,82,quarter,3,6dd427f5-fa02-40ef-aa90-cfa73e0c539e,48,9:17,Sam Hauser offensive foul (Trae Young draws the foul),offensivefoul,70,0464e75c-8bc8-4f18-9ee2-577832b889d6,basketball_play,1773530644,197,True,2026-03-14 23:24:04+00:00,3,557.0,1603.0,26.716666666666665,259
2,81,quarter,3,6dd427f5-fa02-40ef-aa90-cfa73e0c539e,48,9:17,Sam Hauser turnover (offensive foul),turnover,70,0464e75c-8bc8-4f18-9ee2-577832b889d6,basketball_play,1773530644,196,True,2026-03-14 23:24:04+00:00,3,557.0,1603.0,26.716666666666665,260
2,80,quarter,3,6dd427f5-fa02-40ef-aa90-cfa73e0c539e,48,9:05,Derrick White shooting foul (Alex Sarr draws the foul),shootingfoul,70,0464e75c-8bc8-4f18-9ee2-577832b889d6,basketball_play,1773530674,195,True,2026-03-14 23:24:34+00:00,3,545.0,1615.0,26.916666666666668,261
2,79,quarter,3,0464e75c-8bc8-4f18-9ee2-577832b889d6,48,9:05,Alex Sarr misses regular free throw 1 of 2,freethrowmiss,70,0464e75c-8bc8-4f18-9ee2-577832b889d6,basketball_play,1773530698,194,True,2026-03-14 23:24:58+00:00,3,545.0,1615.0,26.916666666666668,262
2,78,quarter,3,0464e75c-8bc8-4f18-9ee2-577832b889d6,48,9:05,Wizards offensive rebound,rebound,70,0464e75c-8bc8-4f18-9ee2-577832b889d6,basketball_play,1773530698,193,True,2026-03-14 23:24:58+00:00,3,545.0,1615.0,26.916666666666668,263
2,77,quarter,3,0464e75c-8bc8-4f18-9ee2-577832b889d6,49,9:05,Alex Sarr makes regular free throw 2 of 2,freethrowmade,70,6dd427f5-fa02-40ef-aa90-cfa73e0c539e,basketball_play,1773530720,192,True,2026-03-14 23:25:20+00:00,3,545.0,1615.0,26.916666666666668,264
2,76,quarter,3,6dd427f5-fa02-40ef-aa90-cfa73e0c539e,49,8:51,Derrick White makes three point jump shot (Sam Hauser assists),threepointmade,73,0464e75c-8bc8-4f18-9ee2-577832b889d6,basketball_play,1773530736,191,True,2026-03-14 23:25:36+00:00,3,531.0,1629.0,27.15,265
2,75,quarter,3,0464e75c-8bc8-4f18-9ee2-577832b889d6,49,8:35,Tre Johnson misses two point driving floating jump shot,twopointmiss,73,,basketball_play,1773530752,190,True,2026-03-14 23:25:52+00:00,3,515.0,1645.0,27.416666666666668,266
2,74,quarter,3,6dd427f5-fa02-40ef-aa90-cfa73e0c539e,49,8:33,Jayson Tatum defensive rebound,rebound,73,6dd427f5-fa02-40ef-aa90-cfa73e0c539e,basketball_play,1773530754,189,True,2026-03-14 23:25:54+00:00,3,513.0,1647.0,27.45,267
2,73,quarter,3,6dd427f5-fa02-40ef-aa90-cfa73e0c539e,49,8:29,Jaylen Brown misses three point running jump shot,threepointmiss,73,,basketball_play,1773530758,188,True,2026-03-14 23:25:58+00:00,3,509.0,1651.0,27.516666666666666,268
2,72,quarter,3,0464e75c-8bc8-4f18-9ee2-577832b889d6,49,8:22,Trae Young defensive rebound,rebound,73,0464e75c-8bc8-4f18-9ee2-577832b889d6,basketball_play,1773530765,187,True,2026-03-14 23:26:05+00:00,3,502.0,1658.0,27.633333333333333,269
2,71,quarter,3,0464e75c-8bc8-4f18-9ee2-577832b889d6,51,8:19,Bilal Coulibaly makes two point running alley-oop dunk (Trae Young assists),twopointmade,73,6dd427f5-fa02-40ef-aa90-cfa73e0c539e,basketball_play,1773530768,186,True,2026-03-14 23:26:08+00:00,3,499.0,1661.0,27.683333333333334,270
2,70,quarter,3,6dd427f5-fa02-40ef-aa90-cfa73e0c539e,51,8:04,Jayson Tatum makes three point pullup jump shot,threepointmade,76,0464e75c-8bc8-4f18-9ee2-577832b889d6,basketball_play,1773530782,185,True,2026-03-14 23:26:22+00:00,3,484.0,1676.0,27.933333333333334,271
2,69,quarter,3,0464e75c-8bc8-4f18-9ee2-577832b889d6,51,7:50,Tre Johnson misses three point jump shot,threepointmiss,76,,basketball_play,1773530797,184,True,2026-03-14 23:26:37+00:00,3,470.0,1690.0,28.166666666666668,272
2,68,quarter,3,6dd427f5-fa02-40ef-aa90-cfa73e0c539e,51,7:47,Jayson Tatum defensive rebound,rebound,76,6dd427f5-fa02-40ef-aa90-cfa73e0c539e,basketball_play,1773530800,183,True,2026-03-14 23:26:40+00:00,3,467.0,1693.0,28.216666666666665,273
2,67,quarter,3,6dd427f5-fa02-40ef-aa90-cfa73e0c539e,51,7:41,Derrick White turnover (out of bounds step),turnover,76,0464e75c-8bc8-4f18-9ee2-577832b889d6,basketball_play,1773530810,182,True,2026-03-14 23:26:50+00:00,3,461.0,1699.0,28.316666666666666,274
2,66,quarter,3,0464e75c-8bc8-4f18-9ee2-577832b889d6,51,7:27,Trae Young turnover (bad pass),turnover,76,6dd427f5-fa02-40ef-aa90-cfa73e0c539e,basketball_play,1773530817,181,True,2026-03-14 23:26:57+00:00,3,447.0,1713.0,28.55,275
2,65,quarter,3,0464e75c-8bc8-4f18-9ee2-577832b889d6,51,7:27,Trae Young personal foul (Loose ball) (Derrick White draws the foul),personalfoul,76,6dd427f5-fa02-40ef-aa90-cfa73e0c539e,basketball_play,1773530823,180,True,2026-03-14 23:27:03+00:00,3,447.0,1713.0,28.55,276
2,64,quarter,3,6dd427f5-fa02-40ef-aa90-cfa73e0c539e,51,7:27,Celtics 60 second timeout,teamtimeout,76,,basketball_play,1773530850,179,True,2026-03-14 23:27:30+00:00,3,447.0,1713.0,28.55,277
2,63,quarter,3,,51,7:27,Instant replay (Challenge: Ruling Overturned),review,76,,basketball_play,1773530864,178,True,2026-03-14 23:27:44+00:00,3,447.0,1713.0,28.55,278
2,62,quarter,3,6dd427f5-fa02-40ef-aa90-cfa73e0c539e,51,7:11,Sam Hauser makes three point jump shot (Jayson Tatum assists),threepointmade,79,0464e75c-8bc8-4f18-9ee2-577832b889d6,basketball_play,1773531038,177,True,2026-03-14 23:30:38+00:00,3,431.0,1729.0,28.816666666666666,279
2,61,quarter,3,0464e75c-8bc8-4f18-9ee2-577832b889d6,51,6:50,Alex Sarr misses two point fadeaway jump shot,twopointmiss,79,,basketball_play,1773531058,176,True,2026-03-14 23:30:58+00:00,3,410.0,1750.0,29.166666666666668,280
2,60,quarter,3,6dd427f5-fa02-40ef-aa90-cfa73e0c539e,51,6:50,Jayson Tatum defensive rebound,rebound,79,6dd427f5-fa02-40ef-aa90-cfa73e0c539e,basketball_play,1773531058,175,True,2026-03-14 23:30:58+00:00,3,410.0,1750.0,29.166666666666668,281
2,59,quarter,3,6dd427f5-fa02-40ef-aa90-cfa73e0c539e,51,6:37,Jayson Tatum makes two point driving layup,twopointmade,81,0464e75c-8bc8-4f18-9ee2-577832b889d6,basketball_play,1773531071,174,True,2026-03-14 23:31:11+00:00,3,397.0,1763.0,29.383333333333333,282
2,58,quarter,3,0464e75c-8bc8-4f18-9ee2-577832b889d6,53,6:28,Tre Johnson makes two point driving floating jump shot (Trae Young assists),twopointmade,81,6dd427f5-fa02-40ef-aa90-cfa73e0c539e,basketball_play,1773531079,173,True,2026-03-14 23:31:19+00:00,3,388.0,1772.0,29.533333333333335,283
2,57,quarter,3,6dd427f5-fa02-40ef-aa90-cfa73e0c539e,53,6:13,Jayson Tatum misses three point pullup jump shot,threepointmiss,81,,basketball_play,1773531097,172,True,2026-03-14 23:31:37+00:00,3,373.0,1787.0,29.783333333333335,284
2,56,quarter,3,0464e75c-8bc8-4f18-9ee2-577832b889d6,53,6:11,Trae Young defensive rebound,rebound,81,0464e75c-8bc8-4f18-9ee2-577832b889d6,basketball_play,1773531099,171,True,2026-03-14 23:31:39+00:00,3,371.0,1789.0,29.816666666666666,285
2,55,quarter,3,0464e75c-8bc8-4f18-9ee2-577832b889d6,53,5:46,Tre Johnson misses two point stepback jump shot,twopointmiss,81,,basketball_play,1773531122,170,True,2026-03-14 23:32:02+00:00,3,346.0,1814.0,30.233333333333334,286
2,54,quarter,3,6dd427f5-fa02-40ef-aa90-cfa73e0c539e,53,5:44,Neemias Queta defensive rebound,rebound,81,6dd427f5-fa02-40ef-aa90-cfa73e0c539e,basketball_play,1773531124,169,True,2026-03-14 23:32:04+00:00,3,344.0,1816.0,30.266666666666666,287
2,53,quarter,3,6dd427f5-fa02-40ef-aa90-cfa73e0c539e,53,5:34,Jaylen Brown makes two point driving finger roll layup,twopointmade,83,0464e75c-8bc8-4f18-9ee2-577832b889d6,basketball_play,1773531134,168,True,2026-03-14 23:32:14+00:00,3,334.0,1826.0,30.433333333333334,288
2,52,quarter,3,0464e75c-8bc8-4f18-9ee2-577832b889d6,53,5:34,Wizards 60 second timeout,teamtimeout,83,,basketball_play,1773531141,167,True,2026-03-14 23:32:21+00:00,3,334.0,1826.0,30.433333333333334,289
2,51,quarter,3,0464e75c-8bc8-4f18-9ee2-577832b889d6,53,5:34,"Wizards lineup change (Trae Young, Bub Carrington, Tre Johnson, Tristan Vukcevic, Bilal Coulibaly)",lineupchange,83,,basketball_play,1773531192,166,True,2026-03-14 23:33:12+00:00,3,334.0,1826.0,30.433333333333334,290
2,50,quarter,3,6dd427f5-fa02-40ef-aa90-cfa73e0c539e,53,5:34,"Celtics lineup change (Neemias Queta, Baylor Scheierman, Payton Pritchard, Jayson Tatum, Jaylen Brown)",lineupchange,83,,basketball_play,1773531192,165,True,2026-03-14 23:33:12+00:00,3,334.0,1826.0,30.433333333333334,291
2,49,quarter,3,0464e75c-8bc8-4f18-9ee2-577832b889d6,55,5:26,Trae Young makes two point driving floating jump shot (Tristan Vukcevic assists),twopointmade,83,6dd427f5-fa02-40ef-aa90-cfa73e0c539e,basketball_play,1773531327,164,True,2026-03-14 23:35:27+00:00,3,326.0,1834.0,30.566666666666666,292
2,48,quarter,3,6dd427f5-fa02-40ef-aa90-cfa73e0c539e,55,5:26,Baylor Scheierman shooting foul (Trae Young draws the foul),shootingfoul,83,0464e75c-8bc8-4f18-9ee2-577832b889d6,basketball_play,1773531331,163,True,2026-03-14 23:35:31+00:00,3,326.0,1834.0,30.566666666666666,293
2,47,quarter,3,0464e75c-8bc8-4f18-9ee2-577832b889d6,55,5:26,Trae Young misses regular free throw 1 of 1,freethrowmiss,83,,basketball_play,1773531351,162,True,2026-03-14 23:35:51+00:00,3,326.0,1834.0,30.566666666666666,294
2,46,quarter,3,6dd427f5-fa02-40ef-aa90-cfa73e0c539e,55,5:25,Jayson Tatum defensive rebound,rebound,83,6dd427f5-fa02-40ef-aa90-cfa73e0c539e,basketball_play,1773531352,161,True,2026-03-14 23:35:52+00:00,3,325.0,1835.0,30.583333333333332,295
2,45,quarter,3,6dd427f5-fa02-40ef-aa90-cfa73e0c539e,55,5:00,Payton Pritchard misses two point driving floating jump shot,twopointmiss,83,,basketball_play,1773531376,160,True,2026-03-14 23:36:16+00:00,3,300.0,1860.0,31.0,296
2,44,quarter,3,6dd427f5-fa02-40ef-aa90-cfa73e0c539e,55,4:57,Neemias Queta offensive rebound,rebound,83,6dd427f5-fa02-40ef-aa90-cfa73e0c539e,basketball_play,1773531379,159,True,2026-03-14 23:36:19+00:00,3,297.0,1863.0,31.05,297
2,43,quarter,3,6dd427f5-fa02-40ef-aa90-cfa73e0c539e,55,4:52,Jaylen Brown misses three point jump shot,threepointmiss,83,,basketball_play,1773531383,158,True,2026-03-14 23:36:23+00:00,3,292.0,1868.0,31.133333333333333,298
2,42,quarter,3,0464e75c-8bc8-4f18-9ee2-577832b889d6,55,4:48,Tristan Vukcevic defensive rebound,rebound,83,0464e75c-8bc8-4f18-9ee2-577832b889d6,basketball_play,1773531387,157,True,2026-03-14 23:36:27+00:00,3,288.0,1872.0,31.2,299
2,41,quarter,3,0464e75c-8bc8-4f18-9ee2-577832b889d6,55,4:42,Bilal Coulibaly misses two point running layup,twopointmiss,83,,basketball_play,1773531393,156,True,2026-03-14 23:36:33+00:00,3,282.0,1878.0,31.3,300
2,40,quarter,3,0464e75c-8bc8-4f18-9ee2-577832b889d6,55,4:42,Bub Carrington offensive rebound,rebound,83,0464e75c-8bc8-4f18-9ee2-577832b889d6,basketball_play,1773531393,155,True,2026-03-14 23:36:33+00:00,3,282.0,1878.0,31.3,301
2,39,quarter,3,0464e75c-8bc8-4f18-9ee2-577832b889d6,55,4:39,Tre Johnson misses three point jump shot,threepointmiss,83,,basketball_play,1773531396,154,True,2026-03-14 23:36:36+00:00,3,279.0,1881.0,31.35,302
2,38,quarter,3,6dd427f5-fa02-40ef-aa90-cfa73e0c539e,55,4:36,Payton Pritchard defensive rebound,rebound,83,6dd427f5-fa02-40ef-aa90-cfa73e0c539e,basketball_play,1773531399,153,True,2026-03-14 23:36:39+00:00,3,276.0,1884.0,31.4,303
2,37,quarter,3,6dd427f5-fa02-40ef-aa90-cfa73e0c539e,55,4:29,Neemias Queta turnover (out of bounds bad pass),turnover,83,0464e75c-8bc8-4f18-9ee2-577832b889d6,basketball_play,1773531408,152,True,2026-03-14 23:36:48+00:00,3,269.0,1891.0,31.516666666666666,304
2,36,quarter,3,6dd427f5-fa02-40ef-aa90-cfa73e0c539e,55,4:29,"Celtics lineup change (Neemias Queta, Baylor Scheierman, Payton Pritchard, Jayson Tatum, Hugo Gonzalez)",lineupchange,83,,basketball_play,1773531442,151,True,2026-03-14 23:37:22+00:00,3,269.0,1891.0,31.516666666666666,305
2,35,quarter,3,0464e75c-8bc8-4f18-9ee2-577832b889d6,55,4:17,Bilal Coulibaly misses two point driving layup,twopointmiss,83,,basketball_play,1773531442,150,True,2026-03-14 23:37:22+00:00,3,257.0,1903.0,31.716666666666665,306
2,34,quarter,3,6dd427f5-fa02-40ef-aa90-cfa73e0c539e,55,4:14,Baylor Scheierman defensive rebound,rebound,83,6dd427f5-fa02-40ef-aa90-cfa73e0c539e,basketball_play,1773531445,149,True,2026-03-14 23:37:25+00:00,3,254.0,1906.0,31.766666666666666,307
2,33,quarter,3,6dd427f5-fa02-40ef-aa90-cfa73e0c539e,55,4:09,Jayson Tatum makes two point running dunk (Payton Pritchard assists),twopointmade,85,0464e75c-8bc8-4f18-9ee2-577832b889d6,basketball_play,1773531449,148,True,2026-03-14 23:37:29+00:00,3,249.0,1911.0,31.85,308
2,32,quarter,3,0464e75c-8bc8-4f18-9ee2-577832b889d6,55,3:42,Wizards turnover (shot clock violation),turnover,85,6dd427f5-fa02-40ef-aa90-cfa73e0c539e,basketball_play,1773531481,147,True,2026-03-14 23:38:01+00:00,3,222.0,1938.0,32.3,309
2,31,quarter,3,6dd427f5-fa02-40ef-aa90-cfa73e0c539e,55,3:27,Baylor Scheierman misses two point driving layup,twopointmiss,85,,basketball_play,1773531509,146,True,2026-03-14 23:38:29+00:00,3,207.0,1953.0,32.55,310
2,30,quarter,3,0464e75c-8bc8-4f18-9ee2-577832b889d6,55,3:25,Tristan Vukcevic defensive rebound,rebound,85,0464e75c-8bc8-4f18-9ee2-577832b889d6,basketball_play,1773531511,145,True,2026-03-14 23:38:31+00:00,3,205.0,1955.0,32.583333333333336,311
2,29,quarter,3,0464e75c-8bc8-4f18-9ee2-577832b889d6,57,3:19,Tre Johnson makes two point running layup,twopointmade,85,6dd427f5-fa02-40ef-aa90-cfa73e0c539e,basketball_play,1773531517,144,True,2026-03-14 23:38:37+00:00,3,199.0,1961.0,32.68333333333333,312
2,28,quarter,3,0464e75c-8bc8-4f18-9ee2-577832b889d6,57,3:10,Tre Johnson personal foul (Take) (Payton Pritchard draws the foul),personalfoul,85,6dd427f5-fa02-40ef-aa90-cfa73e0c539e,basketball_play,1773531527,143,True,2026-03-14 23:38:47+00:00,3,190.0,1970.0,32.833333333333336,313
2,27,quarter,3,0464e75c-8bc8-4f18-9ee2-577832b889d6,57,3:10,"Wizards lineup change (Jaden Hardy, Bub Carrington, Tristan Vukcevic, Jamir Watkins, Justin Champagnie)",lineupchange,85,,basketball_play,1773531539,142,True,2026-03-14 23:38:59+00:00,3,190.0,1970.0,32.833333333333336,314
2,26,quarter,3,6dd427f5-fa02-40ef-aa90-cfa73e0c539e,57,3:10,"Celtics lineup change (Baylor Scheierman, Payton Pritchard, Jayson Tatum, Luka Garza, Hugo Gonzalez)",lineupchange,85,,basketball_play,1773531539,141,True,2026-03-14 23:38:59+00:00,3,190.0,1970.0,32.833333333333336,315
2,25,quarter,3,6dd427f5-fa02-40ef-aa90-cfa73e0c539e,57,2:58,Baylor Scheierman misses three point jump shot,threepointmiss,85,,basketball_play,1773531562,140,True,2026-03-14 23:39:22+00:00,3,178.0,1982.0,33.03333333333333,316
2,24,quarter,3,0464e75c-8bc8-4f18-9ee2-577832b889d6,57,2:54,Justin Champagnie defensive rebound,rebound,85,0464e75c-8bc8-4f18-9ee2-577832b889d6,basketball_play,1773531566,139,True,2026-03-14 23:39:26+00:00,3,174.0,1986.0,33.1,317
2,23,quarter,3,0464e75c-8bc8-4f18-9ee2-577832b889d6,59,2:50,Jamir Watkins makes two point running dunk (Justin Champagnie assists),twopointmade,85,6dd427f5-fa02-40ef-aa90-cfa73e0c539e,basketball_play,1773531569,138,True,2026-03-14 23:39:29+00:00,3,170.0,1990.0,33.166666666666664,318
2,22,quarter,3,0464e75c-8bc8-4f18-9ee2-577832b889d6,59,2:41,Justin Champagnie shooting foul (Luka Garza draws the foul),shootingfoul,85,6dd427f5-fa02-40ef-aa90-cfa73e0c539e,basketball_play,1773531580,137,True,2026-03-14 23:39:40+00:00,3,161.0,1999.0,33.31666666666667,319
2,21,quarter,3,6dd427f5-fa02-40ef-aa90-cfa73e0c539e,59,2:41,Luka Garza misses regular free throw 1 of 2,freethrowmiss,85,6dd427f5-fa02-40ef-aa90-cfa73e0c539e,basketball_play,1773531608,136,True,2026-03-14 23:40:08+00:00,3,161.0,1999.0,33.31666666666667,320
2,20,quarter,3,6dd427f5-fa02-40ef-aa90-cfa73e0c539e,59,2:41,Celtics offensive rebound,rebound,85,6dd427f5-fa02-40ef-aa90-cfa73e0c539e,basketball_play,1773531608,135,True,2026-03-14 23:40:08+00:00,3,161.0,1999.0,33.31666666666667,321
2,19,quarter,3,6dd427f5-fa02-40ef-aa90-cfa73e0c539e,59,2:41,Luka Garza makes regular free throw 2 of 2,freethrowmade,86,0464e75c-8bc8-4f18-9ee2-577832b889d6,basketball_play,1773531624,134,True,2026-03-14 23:40:24+00:00,3,161.0,1999.0,33.31666666666667,322
2,18,quarter,3,0464e75c-8bc8-4f18-9ee2-577832b889d6,61,2:29,Jaden Hardy makes two point fadeaway jump shot,twopointmade,86,6dd427f5-fa02-40ef-aa90-cfa73e0c539e,basketball_play,1773531637,133,True,2026-03-14 23:40:37+00:00,3,149.0,2011.0,33.516666666666666,323
2,17,quarter,3,6dd427f5-fa02-40ef-aa90-cfa73e0c539e,61,2:15,Jayson Tatum misses three point jump shot,threepointmiss,86,,basketball_play,1773531650,132,True,2026-03-14 23:40:50+00:00,3,135.0,2025.0,33.75,324
2,16,quarter,3,0464e75c-8bc8-4f18-9ee2-577832b889d6,61,2:13,Bub Carrington defensive rebound,rebound,86,0464e75c-8bc8-4f18-9ee2-577832b889d6,basketball_play,1773531652,131,True,2026-03-14 23:40:52+00:00,3,133.0,2027.0,33.78333333333333,325
2,15,quarter,3,0464e75c-8bc8-4f18-9ee2-577832b889d6,64,2:05,Jaden Hardy makes three point jump shot (Bub Carrington assists),threepointmade,86,6dd427f5-fa02-40ef-aa90-cfa73e0c539e,basketball_play,1773531660,130,True,2026-03-14 23:41:00+00:00,3,125.0,2035.0,33.916666666666664,326
2,14,quarter,3,6dd427f5-fa02-40ef-aa90-cfa73e0c539e,64,1:50,Payton Pritchard makes two point driving layup (Luka Garza assists),twopointmade,88,0464e75c-8bc8-4f18-9ee2-577832b889d6,basketball_play,1773531675,129,True,2026-03-14 23:41:15+00:00,3,110.0,2050.0,34.166666666666664,327
2,13,quarter,3,0464e75c-8bc8-4f18-9ee2-577832b889d6,67,1:35,Tristan Vukcevic makes three point jump shot (Jaden Hardy assists),threepointmade,88,6dd427f5-fa02-40ef-aa90-cfa73e0c539e,basketball_play,1773531690,128,True,2026-03-14 23:41:30+00:00,3,95.0,2065.0,34.416666666666664,328
2,12,quarter,3,6dd427f5-fa02-40ef-aa90-cfa73e0c539e,67,1:20,Payton Pritchard makes two point driving layup (Luka Garza assists),twopointmade,90,0464e75c-8bc8-4f18-9ee2-577832b889d6,basketball_play,1773531706,127,True,2026-03-14 23:41:46+00:00,3,80.0,2080.0,34.666666666666664,329
2,11,quarter,3,0464e75c-8bc8-4f18-9ee2-577832b889d6,67,1:09,Jaden Hardy turnover (lost ball) (Baylor Scheierman steals),turnover,90,6dd427f5-fa02-40ef-aa90-cfa73e0c539e,basketball_play,1773531716,126,True,2026-03-14 23:41:56+00:00,3,69.0,2091.0,34.85,330
2,10,quarter,3,6dd427f5-fa02-40ef-aa90-cfa73e0c539e,67,1:00,Bub Carrington blocks Payton Pritchard's two point running layup,twopointmiss,90,,basketball_play,1773531725,125,True,2026-03-14 23:42:05+00:00,3,60.0,2100.0,35.0,331
2,9,quarter,3,0464e75c-8bc8-4f18-9ee2-577832b889d6,67,00:58.30,Jamir Watkins defensive rebound,rebound,90,0464e75c-8bc8-4f18-9ee2-577832b889d6,basketball_play,1773531726,124,True,2026-03-14 23:42:06+00:00,3,58.3,2101.7,35.02833333333333,332
2,8,quarter,3,0464e75c-8bc8-4f18-9ee2-577832b889d6,70,00:55.60,Jaden Hardy makes three point running pullup jump shot (Bub Carrington assists),threepointmade,90,6dd427f5-fa02-40ef-aa90-cfa73e0c539e,basketball_play,1773531730,123,True,2026-03-14 23:42:10+00:00,3,55.6,2104.4,35.07333333333334,333
2,7,quarter,3,6dd427f5-fa02-40ef-aa90-cfa73e0c539e,70,00:34.30,Luka Garza makes three point jump shot (Jayson Tatum assists),threepointmade,93,0464e75c-8bc8-4f18-9ee2-577832b889d6,basketball_play,1773531755,122,True,2026-03-14 23:42:35+00:00,3,34.3,2125.7,35.42833333333333,334
2,6,quarter,3,0464e75c-8bc8-4f18-9ee2-577832b889d6,72,00:13.80,Tristan Vukcevic makes two point stepback jump shot (Bub Carrington assists),twopointmade,93,6dd427f5-fa02-40ef-aa90-cfa73e0c539e,basketball_play,1773531780,121,True,2026-03-14 23:43:00+00:00,3,13.8,2146.2,35.769999999999996,335
2,5,quarter,3,6dd427f5-fa02-40ef-aa90-cfa73e0c539e,72,00:02.60,Jayson Tatum misses three point pullup jump shot,threepointmiss,93,,basketball_play,1773531794,120,True,2026-03-14 23:43:14+00:00,3,2.6,2157.4,35.95666666666667,336
2,4,quarter,3,0464e75c-8bc8-4f18-9ee2-577832b889d6,72,00:02.60,Jaden Hardy defensive rebound,rebound,93,0464e75c-8bc8-4f18-9ee2-577832b889d6,basketball_play,1773531794,119,True,2026-03-14 23:43:14+00:00,3,2.6,2157.4,35.95666666666667,337
2,3,quarter,3,0464e75c-8bc8-4f18-9ee2-577832b889d6,72,00:00.30,Wizards misses heave shot,heave,93,,basketball_play,1773531804,118,True,2026-03-14 23:43:24+00:00,3,0.3,2159.7,35.995,338
2,2,quarter,3,0464e75c-8bc8-4f18-9ee2-577832b889d6,72,00:00.10,Wizards offensive rebound,rebound,93,0464e75c-8bc8-4f18-9ee2-577832b889d6,basketball_play,1773531804,117,True,2026-03-14 23:43:24+00:00,3,0.1,2159.9,35.998333333333335,339
2,1,quarter,3,,72,00:00,End of 3rd Quarter.,endperiod,93,,basketball_play,1773531813,116,True,2026-03-14 23:43:33+00:00,3,0.0,2160.0,36.0,340
1,116,quarter,4,6dd427f5-fa02-40ef-aa90-cfa73e0c539e,72,12:00,"Celtics lineup change (Baylor Scheierman, Payton Pritchard, Luka Garza, Derrick White, Sam Hauser)",lineupchange,93,,basketball_play,1773531904,115,True,2026-03-14 23:45:04+00:00,4,720.0,2160.0,36.0,341
1,115,quarter,4,,72,12:00,Start of 4th Quarter,startperiod,93,,basketball_play,1773531957,114,True,2026-03-14 23:45:57+00:00,4,720.0,2160.0,36.0,342
1,114,quarter,4,0464e75c-8bc8-4f18-9ee2-577832b889d6,72,11:43,Payton Pritchard blocks Justin Champagnie's two point driving layup,twopointmiss,93,,basketball_play,1773531974,113,True,2026-03-14 23:46:14+00:00,4,703.0,2177.0,36.28333333333333,343
1,113,quarter,4,0464e75c-8bc8-4f18-9ee2-577832b889d6,72,11:39,Jaden Hardy offensive rebound,rebound,93,0464e75c-8bc8-4f18-9ee2-577832b889d6,basketball_play,1773531978,112,True,2026-03-14 23:46:18+00:00,4,699.0,2181.0,36.35,344
1,112,quarter,4,0464e75c-8bc8-4f18-9ee2-577832b889d6,72,11:34,Wizards turnover (shot clock violation),turnover,93,6dd427f5-fa02-40ef-aa90-cfa73e0c539e,basketball_play,1773532005,111,True,2026-03-14 23:46:45+00:00,4,694.0,2186.0,36.43333333333333,345
1,111,quarter,4,6dd427f5-fa02-40ef-aa90-cfa73e0c539e,72,11:18,Baylor Scheierman misses three point pullup jump shot,threepointmiss,93,,basketball_play,1773532016,110,True,2026-03-14 23:46:56+00:00,4,678.0,2202.0,36.7,346
1,110,quarter,4,0464e75c-8bc8-4f18-9ee2-577832b889d6,72,11:14,Tristan Vukcevic defensive rebound,rebound,93,0464e75c-8bc8-4f18-9ee2-577832b889d6,basketball_play,1773532020,109,True,2026-03-14 23:47:00+00:00,4,674.0,2206.0,36.766666666666666,347
1,109,quarter,4,0464e75c-8bc8-4f18-9ee2-577832b889d6,72,11:08,Tristan Vukcevic offensive foul (Sam Hauser draws the foul),offensivefoul,93,6dd427f5-fa02-40ef-aa90-cfa73e0c539e,basketball_play,1773532031,108,True,2026-03-14 23:47:11+00:00,4,668.0,2212.0,36.86666666666667,348
1,108,quarter,4,0464e75c-8bc8-4f18-9ee2-577832b889d6,72,11:08,Tristan Vukcevic turnover (offensive foul),turnover,93,6dd427f5-fa02-40ef-aa90-cfa73e0c539e,basketball_play,1773532031,107,True,2026-03-14 23:47:11+00:00,4,668.0,2212.0,36.86666666666667,349
1,107,quarter,4,6dd427f5-fa02-40ef-aa90-cfa73e0c539e,72,10:48,Baylor Scheierman misses three point jump shot,threepointmiss,93,,basketball_play,1773532060,106,True,2026-03-14 23:47:40+00:00,4,648.0,2232.0,37.2,350
1,106,quarter,4,6dd427f5-fa02-40ef-aa90-cfa73e0c539e,72,10:45,Sam Hauser offensive rebound,rebound,93,6dd427f5-fa02-40ef-aa90-cfa73e0c539e,basketball_play,1773532063,105,True,2026-03-14 23:47:43+00:00,4,645.0,2235.0,37.25,351
1,105,quarter,4,6dd427f5-fa02-40ef-aa90-cfa73e0c539e,72,10:34,Payton Pritchard misses two point driving floating jump shot,twopointmiss,93,,basketball_play,1773532074,104,True,2026-03-14 23:47:54+00:00,4,634.0,2246.0,37.43333333333333,352
1,104,quarter,4,6dd427f5-fa02-40ef-aa90-cfa73e0c539e,72,10:31,Baylor Scheierman offensive rebound,rebound,93,6dd427f5-fa02-40ef-aa90-cfa73e0c539e,basketball_play,1773532077,103,True,2026-03-14 23:47:57+00:00,4,631.0,2249.0,37.483333333333334,353
1,103,quarter,4,6dd427f5-fa02-40ef-aa90-cfa73e0c539e,72,10:29,Baylor Scheierman turnover (lost ball) (Jaden Hardy steals),turnover,93,0464e75c-8bc8-4f18-9ee2-577832b889d6,basketball_play,1773532080,102,True,2026-03-14 23:48:00+00:00,4,629.0,2251.0,37.516666666666666,354
1,102,quarter,4,0464e75c-8bc8-4f18-9ee2-577832b889d6,74,10:24,Justin Champagnie makes two point running alley-oop layup (Bub Carrington assists),twopointmade,93,6dd427f5-fa02-40ef-aa90-cfa73e0c539e,basketball_play,1773532085,101,True,2026-03-14 23:48:05+00:00,4,624.0,2256.0,37.6,355
1,101,quarter,4,6dd427f5-fa02-40ef-aa90-cfa73e0c539e,74,9:59,Luka Garza misses two point floating jump shot,twopointmiss,93,,basketball_play,1773532109,100,True,2026-03-14 23:48:29+00:00,4,599.0,2281.0,38.016666666666666,356
1,100,quarter,4,0464e75c-8bc8-4f18-9ee2-577832b889d6,74,9:59,Wizards defensive rebound,rebound,93,0464e75c-8bc8-4f18-9ee2-577832b889d6,basketball_play,1773532109,99,True,2026-03-14 23:48:29+00:00,4,599.0,2281.0,38.016666666666666,357
1,99,quarter,4,6dd427f5-fa02-40ef-aa90-cfa73e0c539e,74,9:59,Luka Garza personal foul (Loose ball) (Tristan Vukcevic draws the foul),personalfoul,93,0464e75c-8bc8-4f18-9ee2-577832b889d6,basketball_play,1773532117,98,True,2026-03-14 23:48:37+00:00,4,599.0,2281.0,38.016666666666666,358
1,98,quarter,4,6dd427f5-fa02-40ef-aa90-cfa73e0c539e,74,9:48,Luka Garza shooting foul (Justin Champagnie draws the foul),shootingfoul,93,0464e75c-8bc8-4f18-9ee2-577832b889d6,basketball_play,1773532135,97,True,2026-03-14 23:48:55+00:00,4,588.0,2292.0,38.2,359
1,97,quarter,4,0464e75c-8bc8-4f18-9ee2-577832b889d6,75,9:48,Justin Champagnie makes regular free throw 1 of 2,freethrowmade,93,0464e75c-8bc8-4f18-9ee2-577832b889d6,basketball_play,1773532166,96,True,2026-03-14 23:49:26+00:00,4,588.0,2292.0,38.2,360
1,96,quarter,4,0464e75c-8bc8-4f18-9ee2-577832b889d6,75,9:48,Justin Champagnie misses regular free throw 2 of 2,freethrowmiss,93,,basketball_play,1773532166,95,True,2026-03-14 23:49:26+00:00,4,588.0,2292.0,38.2,361
1,95,quarter,4,6dd427f5-fa02-40ef-aa90-cfa73e0c539e,75,9:46,Baylor Scheierman defensive rebound,rebound,93,6dd427f5-fa02-40ef-aa90-cfa73e0c539e,basketball_play,1773532168,94,True,2026-03-14 23:49:28+00:00,4,586.0,2294.0,38.233333333333334,362
1,94,quarter,4,6dd427f5-fa02-40ef-aa90-cfa73e0c539e,75,9:28,Sam Hauser misses three point jump shot,threepointmiss,93,,basketball_play,1773532205,93,True,2026-03-14 23:50:05+00:00,4,568.0,2312.0,38.53333333333333,363
1,93,quarter,4,0464e75c-8bc8-4f18-9ee2-577832b889d6,75,9:28,Wizards defensive rebound,rebound,93,0464e75c-8bc8-4f18-9ee2-577832b889d6,basketball_play,1773532205,92,True,2026-03-14 23:50:05+00:00,4,568.0,2312.0,38.53333333333333,364
1,92,quarter,4,6dd427f5-fa02-40ef-aa90-cfa73e0c539e,75,9:28,Baylor Scheierman personal foul (Loose ball) (Jamir Watkins draws the foul),personalfoul,93,0464e75c-8bc8-4f18-9ee2-577832b889d6,basketball_play,1773532212,91,True,2026-03-14 23:50:12+00:00,4,568.0,2312.0,38.53333333333333,365
1,91,quarter,4,0464e75c-8bc8-4f18-9ee2-577832b889d6,77,9:17,Jamir Watkins makes two point driving layup (Bub Carrington assists),twopointmade,93,6dd427f5-fa02-40ef-aa90-cfa73e0c539e,basketball_play,1773532234,90,True,2026-03-14 23:50:34+00:00,4,557.0,2323.0,38.71666666666667,366
1,90,quarter,4,0464e75c-8bc8-4f18-9ee2-577832b889d6,77,9:09,Jamir Watkins personal foul (Take) (Derrick White draws the foul),personalfoul,93,6dd427f5-fa02-40ef-aa90-cfa73e0c539e,basketball_play,1773532245,89,True,2026-03-14 23:50:45+00:00,4,549.0,2331.0,38.85,367
1,89,quarter,4,0464e75c-8bc8-4f18-9ee2-577832b889d6,77,9:09,"Wizards lineup change (Will Riley, Jaden Hardy, Bub Carrington, Tristan Vukcevic, Jamir Watkins)",lineupchange,93,,basketball_play,1773532279,88,True,2026-03-14 23:51:19+00:00,4,549.0,2331.0,38.85,368
1,88,quarter,4,0464e75c-8bc8-4f18-9ee2-577832b889d6,77,8:52,Jaden Hardy shooting foul (Luka Garza draws the foul),shootingfoul,93,6dd427f5-fa02-40ef-aa90-cfa73e0c539e,basketball_play,1773532279,87,True,2026-03-14 23:51:19+00:00,4,532.0,2348.0,39.13333333333333,369
1,87,quarter,4,6dd427f5-fa02-40ef-aa90-cfa73e0c539e,77,8:52,Luka Garza makes regular free throw 1 of 2,freethrowmade,94,6dd427f5-fa02-40ef-aa90-cfa73e0c539e,basketball_play,1773532311,86,True,2026-03-14 23:51:51+00:00,4,532.0,2348.0,39.13333333333333,370
1,86,quarter,4,6dd427f5-fa02-40ef-aa90-cfa73e0c539e,77,8:52,Luka Garza makes regular free throw 2 of 2,freethrowmade,95,0464e75c-8bc8-4f18-9ee2-577832b889d6,basketball_play,1773532328,85,True,2026-03-14 23:52:08+00:00,4,532.0,2348.0,39.13333333333333,371
1,85,quarter,4,0464e75c-8bc8-4f18-9ee2-577832b889d6,77,8:35,Bub Carrington misses two point pullup jump shot,twopointmiss,95,,basketball_play,1773532349,84,True,2026-03-14 23:52:29+00:00,4,515.0,2365.0,39.416666666666664,372
1,84,quarter,4,0464e75c-8bc8-4f18-9ee2-577832b889d6,77,8:32,Jamir Watkins offensive rebound,rebound,95,0464e75c-8bc8-4f18-9ee2-577832b889d6,basketball_play,1773532352,83,True,2026-03-14 23:52:32+00:00,4,512.0,2368.0,39.46666666666667,373
1,83,quarter,4,0464e75c-8bc8-4f18-9ee2-577832b889d6,77,8:32,Jamir Watkins misses two point tip layup,twopointmiss,95,,basketball_play,1773532357,82,True,2026-03-14 23:52:37+00:00,4,512.0,2368.0,39.46666666666667,374
1,82,quarter,4,6dd427f5-fa02-40ef-aa90-cfa73e0c539e,77,8:31,Celtics defensive rebound,rebound,95,6dd427f5-fa02-40ef-aa90-cfa73e0c539e,basketball_play,1773532359,81,True,2026-03-14 23:52:39+00:00,4,511.0,2369.0,39.483333333333334,375
1,81,quarter,4,,77,8:29,Stoppage (Out of bounds),stoppage,95,,basketball_play,1773532362,80,True,2026-03-14 23:52:42+00:00,4,509.0,2371.0,39.516666666666666,376
1,80,quarter,4,6dd427f5-fa02-40ef-aa90-cfa73e0c539e,77,8:22,Luka Garza makes three point jump shot (Derrick White assists),threepointmade,98,0464e75c-8bc8-4f18-9ee2-577832b889d6,basketball_play,1773532369,79,True,2026-03-14 23:52:49+00:00,4,502.0,2378.0,39.63333333333333,377
1,79,quarter,4,0464e75c-8bc8-4f18-9ee2-577832b889d6,77,8:04,Jamir Watkins misses three point jump shot,threepointmiss,98,,basketball_play,1773532386,78,True,2026-03-14 23:53:06+00:00,4,484.0,2396.0,39.93333333333333,378
1,78,quarter,4,6dd427f5-fa02-40ef-aa90-cfa73e0c539e,77,8:02,Sam Hauser defensive rebound,rebound,98,6dd427f5-fa02-40ef-aa90-cfa73e0c539e,basketball_play,1773532388,77,True,2026-03-14 23:53:08+00:00,4,482.0,2398.0,39.96666666666667,379
1,77,quarter,4,6dd427f5-fa02-40ef-aa90-cfa73e0c539e,77,7:47,Derrick White turnover (bad pass) (Jamir Watkins steals),turnover,98,0464e75c-8bc8-4f18-9ee2-577832b889d6,basketball_play,1773532403,76,True,2026-03-14 23:53:23+00:00,4,467.0,2413.0,40.21666666666667,380
1,76,quarter,4,0464e75c-8bc8-4f18-9ee2-577832b889d6,79,7:42,Jaden Hardy makes two point running dunk (Jamir Watkins assists),twopointmade,98,6dd427f5-fa02-40ef-aa90-cfa73e0c539e,basketball_play,1773532409,75,True,2026-03-14 23:53:29+00:00,4,462.0,2418.0,40.3,381
1,75,quarter,4,6dd427f5-fa02-40ef-aa90-cfa73e0c539e,79,7:42,Celtics 60 second timeout,teamtimeout,98,,basketball_play,1773532416,74,True,2026-03-14 23:53:36+00:00,4,462.0,2418.0,40.3,382
1,74,quarter,4,6dd427f5-fa02-40ef-aa90-cfa73e0c539e,79,7:42,"Celtics lineup change (Neemias Queta, Baylor Scheierman, Payton Pritchard, Derrick White, Jaylen Brown)",lineupchange,98,,basketball_play,1773532506,73,True,2026-03-14 23:55:06+00:00,4,462.0,2418.0,40.3,383
1,73,quarter,4,6dd427f5-fa02-40ef-aa90-cfa73e0c539e,79,7:24,Jaylen Brown makes two point driving layup,twopointmade,100,0464e75c-8bc8-4f18-9ee2-577832b889d6,basketball_play,1773532606,72,True,2026-03-14 23:56:46+00:00,4,444.0,2436.0,40.6,384
1,72,quarter,4,0464e75c-8bc8-4f18-9ee2-577832b889d6,79,7:11,Tristan Vukcevic misses three point jump shot,threepointmiss,100,,basketball_play,1773532618,71,True,2026-03-14 23:56:58+00:00,4,431.0,2449.0,40.81666666666667,385
1,71,quarter,4,0464e75c-8bc8-4f18-9ee2-577832b889d6,79,7:08,Will Riley offensive rebound,rebound,100,0464e75c-8bc8-4f18-9ee2-577832b889d6,basketball_play,1773532621,70,True,2026-03-14 23:57:01+00:00,4,428.0,2452.0,40.86666666666667,386
1,70,quarter,4,0464e75c-8bc8-4f18-9ee2-577832b889d6,82,7:02,Tristan Vukcevic makes three point jump shot (Will Riley assists),threepointmade,100,6dd427f5-fa02-40ef-aa90-cfa73e0c539e,basketball_play,1773532628,69,True,2026-03-14 23:57:08+00:00,4,422.0,2458.0,40.96666666666667,387
1,69,quarter,4,6dd427f5-fa02-40ef-aa90-cfa73e0c539e,82,6:43,Baylor Scheierman misses three point jump shot,threepointmiss,100,,basketball_play,1773532647,68,True,2026-03-14 23:57:27+00:00,4,403.0,2477.0,41.28333333333333,388
1,68,quarter,4,0464e75c-8bc8-4f18-9ee2-577832b889d6,82,6:40,Jaden Hardy defensive rebound,rebound,100,0464e75c-8bc8-4f18-9ee2-577832b889d6,basketball_play,1773532650,67,True,2026-03-14 23:57:30+00:00,4,400.0,2480.0,41.333333333333336,389
1,67,quarter,4,0464e75c-8bc8-4f18-9ee2-577832b889d6,84,6:34,Jaden Hardy makes two point fadeaway jump shot,twopointmade,100,6dd427f5-fa02-40ef-aa90-cfa73e0c539e,basketball_play,1773532656,66,True,2026-03-14 23:57:36+00:00,4,394.0,2486.0,41.43333333333333,390
1,66,quarter,4,6dd427f5-fa02-40ef-aa90-cfa73e0c539e,84,6:18,Jaylen Brown turnover (lost ball) (Jamir Watkins steals),turnover,100,0464e75c-8bc8-4f18-9ee2-577832b889d6,basketball_play,1773532672,65,True,2026-03-14 23:57:52+00:00,4,378.0,2502.0,41.7,391
1,65,quarter,4,0464e75c-8bc8-4f18-9ee2-577832b889d6,86,6:14,Jamir Watkins makes two point running dunk,twopointmade,100,6dd427f5-fa02-40ef-aa90-cfa73e0c539e,basketball_play,1773532675,64,True,2026-03-14 23:57:55+00:00,4,374.0,2506.0,41.766666666666666,392
1,64,quarter,4,6dd427f5-fa02-40ef-aa90-cfa73e0c539e,86,6:11,Celtics 60 second timeout,teamtimeout,100,,basketball_play,1773532692,63,True,2026-03-14 23:58:12+00:00,4,371.0,2509.0,41.81666666666667,393
1,63,quarter,4,0464e75c-8bc8-4f18-9ee2-577832b889d6,86,6:11,"Wizards lineup change (Will Riley, Jaden Hardy, Tristan Vukcevic, Jamir Watkins, Justin Champagnie)",lineupchange,100,,basketball_play,1773532728,62,True,2026-03-14 23:58:48+00:00,4,371.0,2509.0,41.81666666666667,394
1,62,quarter,4,6dd427f5-fa02-40ef-aa90-cfa73e0c539e,86,6:11,"Celtics lineup change (Neemias Queta, Jayson Tatum, Derrick White, Sam Hauser, Jaylen Brown)",lineupchange,100,,basketball_play,1773532728,61,True,2026-03-14 23:58:48+00:00,4,371.0,2509.0,41.81666666666667,395
1,61,quarter,4,6dd427f5-fa02-40ef-aa90-cfa73e0c539e,86,5:58,Derrick White misses three point pullup jump shot,threepointmiss,100,,basketball_play,1773532883,60,True,2026-03-15 00:01:23+00:00,4,358.0,2522.0,42.03333333333333,396
1,60,quarter,4,0464e75c-8bc8-4f18-9ee2-577832b889d6,86,5:55,Justin Champagnie defensive rebound,rebound,100,0464e75c-8bc8-4f18-9ee2-577832b889d6,basketball_play,1773532886,59,True,2026-03-15 00:01:26+00:00,4,355.0,2525.0,42.083333333333336,397
1,59,quarter,4,0464e75c-8bc8-4f18-9ee2-577832b889d6,86,5:47,Will Riley turnover (bad pass) (Neemias Queta steals),turnover,100,6dd427f5-fa02-40ef-aa90-cfa73e0c539e,basketball_play,1773532894,58,True,2026-03-15 00:01:34+00:00,4,347.0,2533.0,42.21666666666667,398
1,58,quarter,4,6dd427f5-fa02-40ef-aa90-cfa73e0c539e,86,5:32,Sam Hauser misses three point jump shot,threepointmiss,100,,basketball_play,1773532909,57,True,2026-03-15 00:01:49+00:00,4,332.0,2548.0,42.46666666666667,399
1,57,quarter,4,6dd427f5-fa02-40ef-aa90-cfa73e0c539e,86,5:29,Neemias Queta offensive rebound,rebound,100,6dd427f5-fa02-40ef-aa90-cfa73e0c539e,basketball_play,1773532912,56,True,2026-03-15 00:01:52+00:00,4,329.0,2551.0,42.516666666666666,400
1,56,quarter,4,6dd427f5-fa02-40ef-aa90-cfa73e0c539e,86,5:22,Sam Hauser misses three point jump shot,threepointmiss,100,,basketball_play,1773532919,55,True,2026-03-15 00:01:59+00:00,4,322.0,2558.0,42.63333333333333,401
1,55,quarter,4,6dd427f5-fa02-40ef-aa90-cfa73e0c539e,86,5:18,Jayson Tatum offensive rebound,rebound,100,6dd427f5-fa02-40ef-aa90-cfa73e0c539e,basketball_play,1773532923,54,True,2026-03-15 00:02:03+00:00,4,318.0,2562.0,42.7,402
1,54,quarter,4,0464e75c-8bc8-4f18-9ee2-577832b889d6,86,5:12,Will Riley shooting foul (Jaylen Brown draws the foul),shootingfoul,100,6dd427f5-fa02-40ef-aa90-cfa73e0c539e,basketball_play,1773532930,53,True,2026-03-15 00:02:10+00:00,4,312.0,2568.0,42.8,403
1,53,quarter,4,6dd427f5-fa02-40ef-aa90-cfa73e0c539e,86,5:12,Jaylen Brown makes regular free throw 1 of 2,freethrowmade,101,6dd427f5-fa02-40ef-aa90-cfa73e0c539e,basketball_play,1773532958,52,True,2026-03-15 00:02:38+00:00,4,312.0,2568.0,42.8,404
1,52,quarter,4,6dd427f5-fa02-40ef-aa90-cfa73e0c539e,86,5:12,Jaylen Brown makes regular free throw 2 of 2,freethrowmade,102,0464e75c-8bc8-4f18-9ee2-577832b889d6,basketball_play,1773532975,51,True,2026-03-15 00:02:55+00:00,4,312.0,2568.0,42.8,405
1,51,quarter,4,0464e75c-8bc8-4f18-9ee2-577832b889d6,89,4:58,Jamir Watkins makes three point jump shot (Will Riley assists),threepointmade,102,6dd427f5-fa02-40ef-aa90-cfa73e0c539e,basketball_play,1773532989,50,True,2026-03-15 00:03:09+00:00,4,298.0,2582.0,43.03333333333333,406
1,50,quarter,4,6dd427f5-fa02-40ef-aa90-cfa73e0c539e,89,4:38,Sam Hauser misses three point jump shot,threepointmiss,102,,basketball_play,1773533009,49,True,2026-03-15 00:03:29+00:00,4,278.0,2602.0,43.36666666666667,407
1,49,quarter,4,6dd427f5-fa02-40ef-aa90-cfa73e0c539e,89,4:36,Neemias Queta offensive rebound,rebound,102,6dd427f5-fa02-40ef-aa90-cfa73e0c539e,basketball_play,1773533011,48,True,2026-03-15 00:03:31+00:00,4,276.0,2604.0,43.4,408
1,48,quarter,4,6dd427f5-fa02-40ef-aa90-cfa73e0c539e,89,4:35,Neemias Queta makes two point putback layup,twopointmade,104,0464e75c-8bc8-4f18-9ee2-577832b889d6,basketball_play,1773533013,47,True,2026-03-15 00:03:33+00:00,4,275.0,2605.0,43.416666666666664,409
1,47,quarter,4,0464e75c-8bc8-4f18-9ee2-577832b889d6,92,4:21,Tristan Vukcevic makes three point jump shot (Will Riley assists),threepointmade,104,6dd427f5-fa02-40ef-aa90-cfa73e0c539e,basketball_play,1773533026,46,True,2026-03-15 00:03:46+00:00,4,261.0,2619.0,43.65,410
1,46,quarter,4,6dd427f5-fa02-40ef-aa90-cfa73e0c539e,92,4:04,Jayson Tatum misses three point pullup jump shot,threepointmiss,104,,basketball_play,1773533043,45,True,2026-03-15 00:04:03+00:00,4,244.0,2636.0,43.93333333333333,411
1,45,quarter,4,0464e75c-8bc8-4f18-9ee2-577832b889d6,92,4:04,Will Riley defensive rebound,rebound,104,0464e75c-8bc8-4f18-9ee2-577832b889d6,basketball_play,1773533043,44,True,2026-03-15 00:04:03+00:00,4,244.0,2636.0,43.93333333333333,412
1,44,quarter,4,6dd427f5-fa02-40ef-aa90-cfa73e0c539e,92,4:04,Neemias Queta personal foul (Will Riley draws the foul),personalfoul,104,0464e75c-8bc8-4f18-9ee2-577832b889d6,basketball_play,1773533050,43,True,2026-03-15 00:04:10+00:00,4,244.0,2636.0,43.93333333333333,413
1,43,quarter,4,0464e75c-8bc8-4f18-9ee2-577832b889d6,92,4:04,"Wizards lineup change (Will Riley, Jaden Hardy, Jamir Watkins, Justin Champagnie, Anthony Gill)",lineupchange,104,,basketball_play,1773533080,42,True,2026-03-15 00:04:40+00:00,4,244.0,2636.0,43.93333333333333,414
1,42,quarter,4,0464e75c-8bc8-4f18-9ee2-577832b889d6,92,3:52,Neemias Queta blocks Justin Champagnie's two point driving hook shot,twopointmiss,104,,basketball_play,1773533080,41,True,2026-03-15 00:04:40+00:00,4,232.0,2648.0,44.13333333333333,415
1,41,quarter,4,6dd427f5-fa02-40ef-aa90-cfa73e0c539e,92,3:49,Sam Hauser defensive rebound,rebound,104,6dd427f5-fa02-40ef-aa90-cfa73e0c539e,basketball_play,1773533083,40,True,2026-03-15 00:04:43+00:00,4,229.0,2651.0,44.18333333333333,416
1,40,quarter,4,6dd427f5-fa02-40ef-aa90-cfa73e0c539e,92,3:34,Jaylen Brown misses two point pullup jump shot,twopointmiss,104,,basketball_play,1773533097,39,True,2026-03-15 00:04:57+00:00,4,214.0,2666.0,44.43333333333333,417
1,39,quarter,4,0464e75c-8bc8-4f18-9ee2-577832b889d6,92,3:31,Justin Champagnie defensive rebound,rebound,104,0464e75c-8bc8-4f18-9ee2-577832b889d6,basketball_play,1773533100,38,True,2026-03-15 00:05:00+00:00,4,211.0,2669.0,44.483333333333334,418
1,38,quarter,4,0464e75c-8bc8-4f18-9ee2-577832b889d6,92,3:20,Will Riley turnover (bad pass) (Jayson Tatum steals),turnover,104,6dd427f5-fa02-40ef-aa90-cfa73e0c539e,basketball_play,1773533112,37,True,2026-03-15 00:05:12+00:00,4,200.0,2680.0,44.666666666666664,419
1,37,quarter,4,6dd427f5-fa02-40ef-aa90-cfa73e0c539e,92,3:15,Jayson Tatum makes two point running layup (Derrick White assists),twopointmade,106,0464e75c-8bc8-4f18-9ee2-577832b889d6,basketball_play,1773533117,36,True,2026-03-15 00:05:17+00:00,4,195.0,2685.0,44.75,420
1,36,quarter,4,0464e75c-8bc8-4f18-9ee2-577832b889d6,92,3:15,Wizards 60 second timeout,teamtimeout,106,,basketball_play,1773533124,35,True,2026-03-15 00:05:24+00:00,4,195.0,2685.0,44.75,421
1,35,quarter,4,6dd427f5-fa02-40ef-aa90-cfa73e0c539e,92,3:15,"Celtics lineup change (Neemias Queta, Payton Pritchard, Jayson Tatum, Derrick White, Sam Hauser)",lineupchange,106,,basketball_play,1773533241,34,True,2026-03-15 00:07:21+00:00,4,195.0,2685.0,44.75,422
1,34,quarter,4,0464e75c-8bc8-4f18-9ee2-577832b889d6,92,2:56,Jamir Watkins misses three point jump shot,threepointmiss,106,,basketball_play,1773533241,33,True,2026-03-15 00:07:21+00:00,4,176.0,2704.0,45.06666666666667,423
1,33,quarter,4,6dd427f5-fa02-40ef-aa90-cfa73e0c539e,92,2:53,Sam Hauser defensive rebound,rebound,106,6dd427f5-fa02-40ef-aa90-cfa73e0c539e,basketball_play,1773533244,32,True,2026-03-15 00:07:24+00:00,4,173.0,2707.0,45.11666666666667,424
1,32,quarter,4,6dd427f5-fa02-40ef-aa90-cfa73e0c539e,92,2:31,Sam Hauser makes three point jump shot (Derrick White assists),threepointmade,109,0464e75c-8bc8-4f18-9ee2-577832b889d6,basketball_play,1773533265,31,True,2026-03-15 00:07:45+00:00,4,151.0,2729.0,45.483333333333334,425
1,31,quarter,4,0464e75c-8bc8-4f18-9ee2-577832b889d6,92,2:22,Will Riley misses two point pullup jump shot,twopointmiss,109,,basketball_play,1773533276,30,True,2026-03-15 00:07:56+00:00,4,142.0,2738.0,45.63333333333333,426
1,30,quarter,4,6dd427f5-fa02-40ef-aa90-cfa73e0c539e,92,2:20,Sam Hauser defensive rebound,rebound,109,6dd427f5-fa02-40ef-aa90-cfa73e0c539e,basketball_play,1773533278,29,True,2026-03-15 00:07:58+00:00,4,140.0,2740.0,45.666666666666664,427
1,29,quarter,4,0464e75c-8bc8-4f18-9ee2-577832b889d6,92,2:07,Justin Champagnie personal foul (Derrick White draws the foul),personalfoul,109,6dd427f5-fa02-40ef-aa90-cfa73e0c539e,basketball_play,1773533293,28,True,2026-03-15 00:08:13+00:00,4,127.0,2753.0,45.88333333333333,428
1,28,quarter,4,6dd427f5-fa02-40ef-aa90-cfa73e0c539e,92,1:55,Derrick White misses three point pullup jump shot,threepointmiss,109,,basketball_play,1773533324,27,True,2026-03-15 00:08:44+00:00,4,115.0,2765.0,46.083333333333336,429
1,27,quarter,4,0464e75c-8bc8-4f18-9ee2-577832b889d6,92,1:51,Jamir Watkins defensive rebound,rebound,109,0464e75c-8bc8-4f18-9ee2-577832b889d6,basketball_play,1773533327,26,True,2026-03-15 00:08:47+00:00,4,111.0,2769.0,46.15,430
1,26,quarter,4,0464e75c-8bc8-4f18-9ee2-577832b889d6,92,1:40,Anthony Gill misses two point driving floating jump shot,twopointmiss,109,,basketball_play,1773533338,25,True,2026-03-15 00:08:58+00:00,4,100.0,2780.0,46.333333333333336,431
1,25,quarter,4,0464e75c-8bc8-4f18-9ee2-577832b889d6,92,1:38,Jamir Watkins offensive rebound,rebound,109,0464e75c-8bc8-4f18-9ee2-577832b889d6,basketball_play,1773533341,24,True,2026-03-15 00:09:01+00:00,4,98.0,2782.0,46.36666666666667,432
1,24,quarter,4,0464e75c-8bc8-4f18-9ee2-577832b889d6,92,1:36,Will Riley misses three point jump shot,threepointmiss,109,,basketball_play,1773533343,23,True,2026-03-15 00:09:03+00:00,4,96.0,2784.0,46.4,433
1,23,quarter,4,0464e75c-8bc8-4f18-9ee2-577832b889d6,92,1:34,Jamir Watkins offensive rebound,rebound,109,0464e75c-8bc8-4f18-9ee2-577832b889d6,basketball_play,1773533345,22,True,2026-03-15 00:09:05+00:00,4,94.0,2786.0,46.43333333333333,434
1,22,quarter,4,6dd427f5-fa02-40ef-aa90-cfa73e0c539e,92,1:33,Jayson Tatum personal foul (Jamir Watkins draws the foul),personalfoul,109,0464e75c-8bc8-4f18-9ee2-577832b889d6,basketball_play,1773533347,21,True,2026-03-15 00:09:07+00:00,4,93.0,2787.0,46.45,435
1,21,quarter,4,0464e75c-8bc8-4f18-9ee2-577832b889d6,92,1:33,Jamir Watkins misses regular free throw 1 of 2,freethrowmiss,109,0464e75c-8bc8-4f18-9ee2-577832b889d6,basketball_play,1773533377,20,True,2026-03-15 00:09:37+00:00,4,93.0,2787.0,46.45,436
1,20,quarter,4,0464e75c-8bc8-4f18-9ee2-577832b889d6,92,1:33,Wizards offensive rebound,rebound,109,0464e75c-8bc8-4f18-9ee2-577832b889d6,basketball_play,1773533377,19,True,2026-03-15 00:09:37+00:00,4,93.0,2787.0,46.45,437
1,19,quarter,4,6dd427f5-fa02-40ef-aa90-cfa73e0c539e,92,1:33,"Celtics lineup change (Payton Pritchard, Max Shulga, Amari Williams, Hugo Gonzalez, Ron Harper Jr.)",lineupchange,109,,basketball_play,1773533378,18,True,2026-03-15 00:09:38+00:00,4,93.0,2787.0,46.45,438
1,18,quarter,4,0464e75c-8bc8-4f18-9ee2-577832b889d6,93,1:33,Jamir Watkins makes regular free throw 2 of 2,freethrowmade,109,6dd427f5-fa02-40ef-aa90-cfa73e0c539e,basketball_play,1773533419,17,True,2026-03-15 00:10:19+00:00,4,93.0,2787.0,46.45,439
1,17,quarter,4,6dd427f5-fa02-40ef-aa90-cfa73e0c539e,93,1:24,Amari Williams turnover (bad pass) (Justin Champagnie steals),turnover,109,0464e75c-8bc8-4f18-9ee2-577832b889d6,basketball_play,1773533431,16,True,2026-03-15 00:10:31+00:00,4,84.0,2796.0,46.6,440
1,16,quarter,4,0464e75c-8bc8-4f18-9ee2-577832b889d6,95,1:22,Justin Champagnie makes two point running layup,twopointmade,109,6dd427f5-fa02-40ef-aa90-cfa73e0c539e,basketball_play,1773533436,15,True,2026-03-15 00:10:36+00:00,4,82.0,2798.0,46.63333333333333,441
1,15,quarter,4,6dd427f5-fa02-40ef-aa90-cfa73e0c539e,95,1:22,Hugo Gonzalez shooting foul (Justin Champagnie draws the foul),shootingfoul,109,0464e75c-8bc8-4f18-9ee2-577832b889d6,basketball_play,1773533440,14,True,2026-03-15 00:10:40+00:00,4,82.0,2798.0,46.63333333333333,442
1,14,quarter,4,0464e75c-8bc8-4f18-9ee2-577832b889d6,96,1:22,Justin Champagnie makes regular free throw 1 of 1,freethrowmade,109,,basketball_play,1773533461,13,True,2026-03-15 00:11:01+00:00,4,82.0,2798.0,46.63333333333333,443
1,13,quarter,4,6dd427f5-fa02-40ef-aa90-cfa73e0c539e,96,1:05,Payton Pritchard misses two point driving layup,twopointmiss,109,,basketball_play,1773533481,12,True,2026-03-15 00:11:21+00:00,4,65.0,2815.0,46.916666666666664,444
1,12,quarter,4,6dd427f5-fa02-40ef-aa90-cfa73e0c539e,96,1:03,Amari Williams offensive rebound,rebound,109,6dd427f5-fa02-40ef-aa90-cfa73e0c539e,basketball_play,1773533483,11,True,2026-03-15 00:11:23+00:00,4,63.0,2817.0,46.95,445
1,11,quarter,4,6dd427f5-fa02-40ef-aa90-cfa73e0c539e,96,1:03,Amari Williams makes two point tip dunk,twopointmade,111,0464e75c-8bc8-4f18-9ee2-577832b889d6,basketball_play,1773533489,10,True,2026-03-15 00:11:29+00:00,4,63.0,2817.0,46.95,446
1,10,quarter,4,0464e75c-8bc8-4f18-9ee2-577832b889d6,96,00:56.90,Jamir Watkins misses three point jump shot,threepointmiss,111,,basketball_play,1773533491,9,True,2026-03-15 00:11:31+00:00,4,56.9,2823.1,47.05166666666666,447
1,9,quarter,4,0464e75c-8bc8-4f18-9ee2-577832b889d6,96,00:55.60,Wizards offensive rebound,rebound,111,0464e75c-8bc8-4f18-9ee2-577832b889d6,basketball_play,1773533492,8,True,2026-03-15 00:11:32+00:00,4,55.6,2824.4,47.07333333333334,448
1,8,quarter,4,,96,00:55.60,Stoppage (Out of bounds),stoppage,111,,basketball_play,1773533496,7,True,2026-03-15 00:11:36+00:00,4,55.6,2824.4,47.07333333333334,449
1,7,quarter,4,6dd427f5-fa02-40ef-aa90-cfa73e0c539e,96,00:55.20,Ron Harper Jr. shooting foul (Justin Champagnie draws the foul),shootingfoul,111,0464e75c-8bc8-4f18-9ee2-577832b889d6,basketball_play,1773533514,6,True,2026-03-15 00:11:54+00:00,4,55.2,2824.8,47.080000000000005,450
1,6,quarter,4,0464e75c-8bc8-4f18-9ee2-577832b889d6,97,00:55.20,Justin Champagnie makes regular free throw 1 of 2,freethrowmade,111,0464e75c-8bc8-4f18-9ee2-577832b889d6,basketball_play,1773533534,5,True,2026-03-15 00:12:14+00:00,4,55.2,2824.8,47.080000000000005,451
1,5,quarter,4,0464e75c-8bc8-4f18-9ee2-577832b889d6,98,00:55.20,Justin Champagnie makes regular free throw 2 of 2,freethrowmade,111,6dd427f5-fa02-40ef-aa90-cfa73e0c539e,basketball_play,1773533547,4,True,2026-03-15 00:12:27+00:00,4,55.2,2824.8,47.080000000000005,452
1,4,quarter,4,6dd427f5-fa02-40ef-aa90-cfa73e0c539e,98,00:39.30,Ron Harper Jr. turnover (lost ball) (Justin Champagnie steals),turnover,111,0464e75c-8bc8-4f18-9ee2-577832b889d6,basketball_play,1773533564,3,True,2026-03-15 00:12:44+00:00,4,39.3,2840.7,47.345,453
1,3,quarter,4,0464e75c-8bc8-4f18-9ee2-577832b889d6,100,00:37.10,Justin Champagnie makes two point running dunk (Anthony Gill assists),twopointmade,111,6dd427f5-fa02-40ef-aa90-cfa73e0c539e,basketball_play,1773533567,2,True,2026-03-15 00:12:47+00:00,4,37.1,2842.9,47.38166666666667,454
1,2,quarter,4,6dd427f5-fa02-40ef-aa90-cfa73e0c539e,100,00:13.10,Celtics turnover (shot clock violation),turnover,111,0464e75c-8bc8-4f18-9ee2-577832b889d6,basketball_play,1773533591,1,True,2026-03-15 00:13:11+00:00,4,13.1,2866.9,47.781666666666666,455
1,1,quarter,4,,100,00:00,End of 4th Quarter.,endperiod,111,,basketball_play,1773533624,0,True,2026-03-15 00:13:44+00:00,4,0.0,2880.0,48.0,456
